1,0,0,0,2.5,0,
0.999999999986677,0,8.94250784527523e-12,0,2.49999999997335,0,
0.999999999993233,0,-2.7015426932327e-17,0,2.49999999999955,0,
0.999999999986677,0,8.78598601274425e-12,0,2.49999999997335,0,
0.99999999999312,0,-4.99600361074976e-17,0,2.4999999999991,0,
0.999999999986677,0,8.63354610020086e-12,0,2.49999999997335,0,
0.999999999993007,0,-7.03141248906859e-18,0,2.49999999999865,0,
0.999999999986677,0,8.48121720995984e-12,0,2.49999999997335,0,
0.999999999992895,0,-6.99440505508551e-17,0,2.4999999999982,0,
0.999999999986677,0,8.3283357987272e-12,0,2.49999999997335,0,
0.999999999992782,0,-4.81096643969714e-18,0,2.49999999999775,0,
0.999999999986677,0,8.17602874287231e-12,0,2.49999999997335,0,
0.999999999992669,0,-4.62592926923223e-17,0,2.4999999999973,0,
0.999999999986677,0,8.02344376118699e-12,0,2.49999999997335,0,
0.999999999992557,0,-3.03460960062391e-17,0,2.49999999999684,0,
0.999999999986677,0,7.87100236834625e-12,0,2.49999999997335,0,
0.999999999992444,0,-3.25665420551874e-17,0,2.49999999999639,0,
0.999999999986677,0,7.71849917309045e-12,0,2.49999999997335,0,
0.999999999992331,0,-6.14323406953763e-17,0,2.49999999999594,0,
0.999999999986677,0,7.56598857634781e-12,0,2.49999999997335,0,
0.999999999992219,0,-3.07161703477029e-17,0,2.49999999999549,0,
0.999999999986677,0,7.41350499503213e-12,0,2.49999999997335,0,
0.999999999992106,0,-5.18104078155386e-17,0,2.49999999999504,0,
0.999999999986677,0,7.2609337060975e-12,0,2.49999999997335,0,
0.999999999991993,0,-2.99760216646451e-17,0,2.49999999999459,0,
0.999999999986677,0,7.10846381753273e-12,0,2.49999999997335,0,
0.999999999991881,0,-5.69914485970489e-17,0,2.49999999999414,0,
0.999999999986677,0,6.95601317283373e-12,0,2.49999999997335,0,
0.999999999991768,0,-4.77395900585097e-17,0,2.49999999999369,0,
0.999999999986677,0,6.80347334021839e-12,0,2.49999999997335,0,
0.999999999991655,0,-4.8109664400112e-17,0,2.49999999999324,0,
0.999999999986677,0,6.65098494793653e-12,0,2.49999999997335,0,
0.999999999991543,0,-2.99760216646987e-17,0,2.49999999999279,0,
0.999999999986677,0,6.4985091381823e-12,0,2.49999999997335,0,
0.99999999999143,0,-3.5157062446284e-17,0,2.49999999999234,0,
0.999999999986677,0,6.34592082582822e-12,0,2.49999999997335,0,
0.999999999991317,0,-3.29366163969637e-17,0,2.49999999999189,0,
0.999999999986677,0,6.19346537016276e-12,0,2.49999999997335,0,
0.999999999991204,0,-5.92118946463462e-17,0,2.49999999999144,0,
0.999999999986677,0,6.04098030854998e-12,0,2.49999999997335,0,
0.999999999991092,0,-1.33226762954255e-17,0,2.49999999999098,0,
0.999999999986677,0,5.88846008987476e-12,0,2.49999999997335,0,
0.999999999990979,0,-5.69914485971162e-17,0,2.49999999999053,0,
0.999999999986677,0,5.73597724870803e-12,0,2.49999999997335,0,
0.999999999990866,0,-3.58972111294151e-17,0,2.49999999999008,0,
0.999999999986677,0,5.58344222705913e-12,0,2.49999999997335,0,
0.999999999990754,0,-3.47869881047939e-17,0,2.49999999998963,0,
0.999999999986677,0,5.43094310262123e-12,0,2.49999999997335,0,
0.999999999990641,0,-3.92278802033046e-17,0,2.49999999998918,0,
0.999999999986677,0,5.2784861666576e-12,0,2.49999999997335,0,
0.999999999990528,0,-2.9976021664778e-17,0,2.49999999998873,0,
0.999999999986677,0,5.12589378348493e-12,0,2.49999999997335,0,
0.999999999990416,0,-4.99600361079458e-17,0,2.49999999998828,0,
0.999999999986677,0,4.97342648543973e-12,0,2.49999999997335,0,
0.999999999990303,0,-4.44089209848759e-17,0,2.49999999998783,0,
0.999999999986677,0,4.8209232901834e-12,0,2.49999999997335,0,
0.99999999999019,0,-2.47949808832418e-17,0,2.49999999998738,0,
0.999999999986677,0,4.66841047299418e-12,0,2.49999999997335,0,
0.999999999990078,0,-5.51410768895599e-17,0,2.49999999998693,0,
0.999999999986677,0,4.5159113485556e-12,0,2.49999999997335,0,
0.999999999989965,0,-2.10942374678333e-17,0,2.49999999998648,0,
0.999999999986677,0,4.36349512076953e-12,0,2.49999999997335,0,
0.999999999989852,0,-2.14643118093913e-17,0,2.49999999998603,0,
0.999999999986677,0,4.21088201343375e-12,0,2.49999999997335,0,
0.99999999998974,0,-2.88657986402701e-17,0,2.49999999998558,0,
0.999999999986677,0,4.05844950237665e-12,0,2.49999999997335,0,
0.999999999989627,0,-2.62752782494565e-17,0,2.49999999998512,0,
0.999999999986677,0,3.90588413463093e-12,0,2.49999999997335,0,
0.999999999989514,0,-5.47710025480997e-17,0,2.49999999998467,0,
0.999999999986677,0,3.75339056130748e-12,0,2.49999999997335,0,
0.999999999989401,0,-3.58972111295757e-17,0,2.49999999998422,0,
0.999999999986677,0,3.60093880638461e-12,0,2.49999999997335,0,
0.999999999989289,0,-4.92198874250259e-17,0,2.49999999998377,0,
0.999999999986677,0,3.44838121020007e-12,0,2.49999999997335,0,
0.999999999989176,0,-2.99760216648986e-17,0,2.49999999998332,0,
0.999999999986677,0,3.29588134561281e-12,0,2.49999999997335,0,
0.999999999989063,0,9.99200722159367e-18,0,2.49999999998287,0,
0.999999999986677,0,3.14338666206633e-12,0,2.49999999997335,0,
0.999999999988951,0,1.22124532708285e-17,0,2.49999999998242,0,
0.999999999986677,0,2.99087384487711e-12,0,2.49999999997335,0,
0.999999999988838,0,1.73934940524003e-17,0,2.49999999998197,0,
0.999999999986677,0,2.83840247601415e-12,0,2.49999999997335,0,
0.999999999988725,0,2.59052039077713e-18,0,2.49999999998152,0,
0.999999999986677,0,2.6858663441413e-12,0,2.49999999997335,0,
0.999999999988613,0,6.2912638061843e-18,0,2.49999999998107,0,
0.999999999986677,0,2.53335759776944e-12,0,2.49999999997335,0,
0.9999999999885,0,7.77156117237196e-18,0,2.49999999998062,0,
0.999999999986677,0,2.3808910398725e-12,0,2.49999999997335,0,
0.999999999988387,0,2.55351295663142e-17,0,2.49999999998017,0,
0.999999999986677,0,2.22834084517437e-12,0,2.49999999997335,0,
0.999999999988275,0,-5.92118946466419e-18,0,2.49999999997972,0,
0.999999999986677,0,2.07585097259392e-12,0,2.49999999997335,0,
0.999999999988162,0,1.33226762954635e-17,0,2.49999999997927,0,
0.999999999986677,0,1.92336110001347e-12,0,2.49999999997335,0,
0.999999999988049,0,8.88178419697641e-18,0,2.49999999997881,0,
0.999999999986677,0,1.770825708289e-12,0,2.49999999997335,0,
0.999999999987937,0,4.10782519110576e-17,0,2.49999999997836,0,
0.999999999986677,0,1.61835285912823e-12,0,2.49999999997335,0,
0.999999999987824,0,9.62193288006414e-18,0,2.49999999997791,0,
0.999999999986677,0,1.46584670327671e-12,0,2.49999999997335,0,
0.999999999987711,0,9.62193288006194e-18,0,2.49999999997746,0,
0.999999999986677,0,1.3133357364587e-12,0,2.49999999997335,0,
0.999999999987598,0,-3.70074341541475e-18,0,2.49999999997701,0,
0.999999999986677,0,1.16084919454707e-12,0,2.49999999997335,0,
0.999999999987486,0,1.18423789293123e-17,0,2.49999999997656,0,
0.999999999986677,0,1.0083193539375e-12,0,2.49999999997335,0,
0.999999999987373,0,7.40148683082678e-19,0,2.49999999997611,0,
0.999999999986677,0,8.5583170180283e-13,0,2.49999999997335,0,
0.99999999998726,0,4.07081775695113e-18,0,2.49999999997566,0,
0.999999999986677,0,7.03325545951045e-13,0,2.49999999997335,0,
0.999999999987148,0,1.18423789293226e-17,0,2.49999999997521,0,
0.999999999986677,0,5.50821240470878e-13,0,2.49999999997335,0,
0.999999999987035,0,2.25745348340289e-17,0,2.49999999997476,0,
0.999999999986677,0,3.98311753949919e-13,0,2.49999999997335,0,
0.999999999986922,0,4.0708177569572e-18,0,2.49999999997431,0,
0.999999999986677,0,2.45811519287471e-13,0,2.49999999997335,0,
0.99999999998681,0,8.88178419699996e-18,0,2.49999999997386,0,
0.999999999986677,0,9.33083240302736e-14,0,2.49999999997335,0,
0.999999999986697,0,4.07081775695825e-18,0,2.49999999997341,0,
0.999999999986677,0,9.54051652494543e-16,0,2.49999999997335,0,
0.999999999986677,0,1.48029736616686e-18,0,2.49999999997335,0,
0.999999999986677,0,0,0,2.49999999997335,0,
0.999999999986677,0,0,0,2.49999999997335,0,
0.999999999986677,0,0,0,2.49999999997335,0,
0.999999999986677,0,0,0,2.49999999997335,0,
0.999999999986677,0,0,0,2.49999999997335,0,
0.999999999986677,0,0,0,2.49999999997335,0,
0.999999999986677,0,0,0,2.49999999997335,0,
0.999999999986677,0,0,0,2.49999999997335,0,
0.999999999986677,0,0,0,2.49999999997335,0,
0.999999999986677,0,0,0,2.49999999997335,0,
0.999999999986677,0,0,0,2.49999999997335,0,
0.999999999986677,0,0,0,2.49999999997335,0,
0.999999999986677,0,0,0,2.49999999997335,0,
0.999999999986677,0,0,0,2.49999999997335,0,
0.999999999986677,0,0,0,2.49999999997335,0,
0.999999999986677,0,-2.96059473233369e-18,0,2.49999999997335,0,
0.999999999986677,0,2.3048229991218e-15,0,2.49999999997335,0,
0.999999999986652,0,3.20484379775128e-16,0,2.49999999997328,0,
0.999999999986665,0,1.21377352613186e-13,0,2.49999999997332,0,
0.999999999986399,0,9.16766662584193e-14,0,2.49999999997239,0,
0.999999999986458,0,8.15213082224311e-13,0,2.49999999997259,0,
0.999999999985079,0,6.56549629477785e-13,0,2.49999999996777,0,
0.999999999985383,0,4.2914508983448e-12,0,2.49999999996883,0,
0.999999999978601,0,3.47993707923855e-12,0,2.49999999994509,0,
0.999999999980134,0,2.1037137587496e-11,0,2.49999999995046,0,
0.999999999947988,0,1.70201586158193e-11,0,2.49999999983795,0,
0.999999999955434,0,9.86055352184789e-11,0,2.49999999986401,0,
0.999999999809013,0,7.94628921922107e-11,0,2.49999999935153,0,
0.999999999843829,0,4.43601563630302e-10,0,2.49999999947339,0,
0.999999999203714,0,3.55817726023917e-10,0,2.49999999723299,0,
0.999999999360236,0,1.91449230912939e-09,0,2.49999999778082,0,
0.999999996678441,0,1.52772743122733e-09,0,2.49999998839452,0,
0.999999997354078,0,7.9168828744543e-09,0,2.49999999075924,0,
0.999999986602712,0,6.28173445112554e-09,0,2.49999995312948,0,
0.999999989399446,0,3.13227467618702e-08,0,2.49999996291805,0,
0.999999948222162,0,2.46978946945735e-08,0,2.49999981879755,0,
0.999999959308653,0,1.18375795523633e-07,0,2.49999985760027,0,
0.9999998089152,0,9.26907635734195e-08,0,2.4999993312232,0,
0.999999850938469,0,4.26561375903141e-07,0,2.49999947830474,0,
0.99999932816731,0,3.31415472397627e-07,0,2.49999764860591,0,
0.999999480230564,0,1.46267185267682e-06,0,2.49999818082803,0,
0.999997754636417,0,1.12650593488657e-06,0,2.49999214125098,0,
0.99999827896221,0,4.76197286401018e-06,0,2.49999397639911,0,
0.99999288360495,0,3.63132219550321e-06,0,2.49997509267294,0,
0.999994602764021,0,1.46826504429094e-05,0,2.49998110980248,0,
0.999978669098261,0,1.10706797393921e-05,0,2.49992534218472,0,
0.999984015961415,0,4.27513608646411e-05,0,2.49994405680649,0,
0.999939716778881,0,3.18211380123523e-05,0,2.49978901131445,0,
0.99995544227843,0,0.000117162109955185,0,2.49984405493312,0,
0.999839940884492,0,8.59399711137647e-05,0,2.49943981126832,0,
0.999883491872355,0,0.000301060073818321,0,2.49959226751922,0,
0.999602373597852,0,0.00021728751621423,0,2.49860842001029,0,
0.999715243899635,0,0.000722128825069365,0,2.49900361916937,0,
0.999080163517747,0,0.00051257117041426,0,2.49678117728094,0,
0.999351287794139,0,0.00160852760288698,0,2.49773083590778,0,
0.998029384498178,0,0.00112550619173027,0,2.49310565548858,0,
0.99862389460584,0,0.00330762201531315,0,2.49518935145525,0,
0.99611453250087,0,0.00230078599309525,0,2.48641206389183,0,
0.997276022085295,0,0.00623693294424899,0,2.49048718262356,0,
0.992997354821977,0,0.00439574989418264,0,2.47552896113495,0,
0.994939282034693,0,0.0107069697157679,0,2.48235414707931,0,
0.988543334310681,0,0.00790531523992219,0,2.46001330233299,0,
0.99111650303845,0,0.0166213721145104,0,2.46908800682282,0,
0.983072294732303,0,0.0134567121756876,0,2.44103196507461,0,
0.985257547869094,0,0.0232556405004232,0,2.44881762206498,0,
0.977377373142794,0,0.0215812133500143,0,2.42141509171515,0,
0.977162323973635,0,0.029545023894635,0,2.42088552210619,0,
0.972169166209551,0,0.0319702799563318,0,2.4036710336218,0,
0.96779199344108,0,0.0350974110261567,0,2.38864461805056,0,
0.967194050558765,0,0.0425144861690283,0,2.3868693593114,0,
0.959702652182111,0,0.0409277136169968,0,2.3609687597223,0,
0.961459738283858,0,0.0496642149477204,0,2.36743087170679,0,
0.955712728728813,0,0.0478869535959845,0,2.34757659777286,0,
0.955548302184113,0,0.0511798990601225,0,2.3471850726408,0,
0.956320117702393,0,0.05346346888928,0,2.34995671713302,0,
0.953189444559513,0,0.0485093461973656,0,2.33893252886501,0,
0.959404252089692,0,0.0524758337503572,0,2.36050041855934,0,
0.957791426599399,0,0.0446364400822022,0,2.35456490475334,0,
0.963048701028378,0,0.0438026887197087,0,2.37263496658676,0,
0.966587978663111,0,0.0408670059991467,0,2.38471098745224,0,
0.966136565103539,0,0.0348191783561864,0,2.3829058139582,0,
0.971055149240914,0,0.0385962550274118,0,2.40003789398843,0,
0.966667300544121,0,0.0351480412266797,0,2.38475289834387,0,
0.966078711541658,0,0.0398996425250843,0,2.38291492745112,0,
0.963776232846246,0,0.0444781979911878,0,2.37517160397456,0,
0.957791796745386,0,0.0441023869743052,0,2.35453846136814,0,
0.959809264055007,0,0.0507551565599637,0,2.36180567058183,0,
0.957100877302169,0,0.0474242809298852,0,2.35232538290033,0,
0.959217809017143,0,0.0457010606544415,0,2.35952772177426,0,
0.964498631009851,0,0.0450613696199598,0,2.37768566732022,0,
0.963924045626886,0,0.0373146977779476,0,2.37536888910591,0,
0.968553827239422,0,0.0389892653049973,0,2.39141642000633,0,
0.967415151350761,0,0.0386114837898899,0,2.38747204916566,0,
0.963150203713642,0,0.0389755358943544,0,2.37277132436155,0,
0.963366612603085,0,0.0466665548662538,0,2.37385726023145,0,
0.958176479192557,0,0.0459548200848606,0,2.35595298211968,0,
0.958227280003591,0,0.0469618350635413,0,2.35617703178793,0,
0.962222837459363,0,0.047563954727419,0,2.3699596916726,0,
0.961955442110218,0,0.0399867709751341,0,2.36869513116674,0,
0.966857194434052,0,0.0398046124012119,0,2.38559397353157,0,
0.967781484007362,0,0.0395361505981683,0,2.38877158850765,0,
0.963271370758,0,0.038324796839278,0,2.37316036450136,0,
0.963269765912465,0,0.0456127955747714,0,2.37347695203523,0,
0.959639527363199,0,0.0468401225557347,0,2.36103151150416,0,
0.957917141036288,0,0.0450556873234642,0,2.35501499242906,0,
0.963323236630141,0,0.0463885256975231,0,2.37369557768476,0,
0.96417864013153,0,0.0401423606658757,0,2.37636902227782,0,
0.965486694878105,0,0.037594626758144,0,2.38077189813573,0,
0.967370173851654,0,0.0419566024237965,0,2.38745104468905,0,
0.961726160384947,0,0.0418559318406665,0,2.36798922128002,0,
0.959445755069967,0,0.0453728849453173,0,2.36029409832269,0,
0.96135337768,0,0.0486342867676237,0,2.36701422112252,0,
0.960606781972413,0,0.0425143189288197,0,2.36416114200294,0,
0.964607769606779,0,0.040235446807762,0,2.37785250426233,0,
0.967862994215434,0,0.0410513073499307,0,2.38911226134806,0,
0.963345401333702,0,0.0391494995200711,0,2.37345149557355,0,
0.961491973856528,0,0.0441053694494655,0,2.36728420915104,0,
0.961320223961351,0,0.0483474494522834,0,2.36688616488473,0,
0.959352598267765,0,0.043606524343726,0,2.35988973260649,0,
0.963573661230492,0,0.041745619005272,0,2.37435283966428,0,
0.967493498768609,0,0.0413901181181191,0,2.38785155705941,0,
0.963863214998645,0,0.0386738891083302,0,2.37521626772883,0,
0.961960635309946,0,0.0432357217476622,0,2.36885965525592,0,
0.961667142069973,0,0.0481187405671785,0,2.36806960927508,0,
0.959592966928196,0,0.0438939534756669,0,2.36073102282457,0,
0.963112917751356,0,0.0412764047552336,0,2.37274363331396,0,
0.96748646743417,0,0.0416710581221245,0,2.38783854703931,0,
0.963953559939666,0,0.0396951119583656,0,2.37557229920714,0,
0.960839853753846,0,0.0429673669833044,0,2.36498487717815,0,
0.961729709674789,0,0.0481110531000119,0,2.36828422655541,0,
0.96118831597019,0,0.0439634284397692,0,2.36623106673453,0,
0.963217975475844,0,0.0393408865120931,0,2.37301993601561,0,
0.967095519576162,0,0.0415184302920002,0,2.38648381848303,0,
0.963810918931731,0,0.0425273975247294,0,2.37520494708494,0,
0.959078104393153,0,0.0433633462671736,0,2.35893170122484,0,
0.96151615115766,0,0.0465978189518536,0,2.36747968585752,0,
0.964345313031975,0,0.0436258412807909,0,2.37709509236629,0,
0.963925888745118,0,0.0379723872746953,0,2.37540053079233,0,
0.964502984931554,0,0.0412797028240154,0,2.37753558867698,0,
0.962986495930153,0,0.0464669526975688,0,2.37253873305314,0,
0.959340360430825,0,0.0443826274465537,0,2.35988204966661,0,
0.961825779230252,0,0.0420175244781855,0,2.36833971700398,0,
0.966905948186474,0,0.0422089682569737,0,2.38585900807351,0,
0.96456753352175,0,0.0408487636917656,0,2.37773881321378,0,
0.960087029823118,0,0.0423133728439167,0,2.36236014304488,0,
0.961471952399597,0,0.0467998831909447,0,2.3673355636417,0,
0.963818652861194,0,0.0444186817438015,0,2.37531484288867,0,
0.963656435624703,0,0.0383836738923444,0,2.37448856283253,0,
0.964101768106224,0,0.0408612349238252,0,2.37613331210179,0,
0.963183475961084,0,0.0466231796137419,0,2.37322380894545,0,
0.960200810583129,0,0.0446812565298174,0,2.36285937368437,0,
0.961807762784461,0,0.0406563380939563,0,2.36821605173808,0,
0.966482724453221,0,0.041715772714976,0,2.3843776754471,0,
0.96461174733766,0,0.0432077443014347,0,2.37799412898311,0,
0.959341340040168,0,0.0431002027648856,0,2.35982524723097,0,
0.961094106178234,0,0.0442555690729403,0,2.36591784325699,0,
0.965973695076773,0,0.0435094100046012,0,2.38270123295685,0,
0.964599156472307,0,0.0401404281917989,0,2.37781520903834,0,
0.960816368247171,0,0.0415142246073686,0,2.36483729102065,0,
0.961659002451978,0,0.046395833098475,0,2.3679603127964,0,
0.964012227672601,0,0.0446603303204135,0,2.37599231716252,0,
0.963734027890657,0,0.0390182599966895,0,2.37478316213197,0,
0.962836088128074,0,0.0408440777772902,0,2.3717692618308,0,
0.962606696743042,0,0.0466395250873542,0,2.37123694264715,0,
0.962240338912306,0,0.0449318669080792,0,2.36989844612838,0,
0.962848844450245,0,0.039385621148877,0,2.37174852689905,0,
0.964202547662855,0,0.0408420552214191,0,2.37647911101519,0,
0.963363874239379,0,0.0459609136695846,0,2.37381820427189,0,
0.961308662365993,0,0.0447743080911723,0,2.36667163506008,0,
0.962229567910507,0,0.040118124238237,0,2.36968954101779,0,
0.964815962949022,0,0.0410793773553338,0,2.37842694255114,0,
0.963621082515808,0,0.0453357149344941,0,2.37533597341554,0,
0.961647397819466,0,0.0445474519150894,0,2.36569975271669,0,
0.960281524472017,0,0.0404559385181723,0,2.36876041647439,0,
0.968529593305194,0,0.0414475760744714,0,2.37866574554907,0,
0.957810232774375,0,0.0448842643986014,0,2.37562446867989,0,
0.967298421461909,0,0.044722097395247,0,2.36619973957281,0,
0.961513662772167,0,0.0404667984965549,0,2.36904762830294,0,
0.957700987238274,0,0.0408645412640304,0,2.37740662455836,0,
0.966339783646386,0,0.0455877836627601,0,2.3748032152159,0,
0.970626355051411,0,0.0451433715885521,0,2.36809544896653,0,
0.964722720254353,0,0.0399235821458392,0,2.37046547900801,0,
0.953772114695903,0,0.0402518149273511,0,2.37483512621362,0,
0.943305583566128,0,0.0455862777905491,0,2.37273272036228,0,
0.937635741273845,0,0.044191002607743,0,2.37166197734949,0,
0.935830424462482,0,0.0375600065665384,0,2.3731055885393,0,
0.934021436600638,0,0.0390008836312694,0,2.36961575669182,0,
0.933608508011465,0,0.0458296603254871,0,2.36931450772089,0,
0.936081079767501,0,0.0441320722802728,0,2.37824874844845,0,
0.935756931979247,0,0.0376501731610038,0,2.37686168398959,0,
0.931635921591829,0,0.0393411293900738,0,2.36231385936571,0,
0.93248702953186,0,0.0447221318728988,0,2.36557758824044,0,
0.938028492887669,0,0.0432932270790019,0,2.38519993732888,0,
0.936624003383781,0,0.0397573898448087,0,2.38005303511866,0,
0.930110807469093,0,0.0406484844127007,0,2.35696104162446,0,
0.931927618796213,0,0.0417399643808328,0,2.36346272979751,0,
0.938753314906483,0,0.0416046568909198,0,2.38770107396212,0,
0.936714115920829,0,0.0433010731426582,0,2.38053545160722,0,
0.930470955318901,0,0.0425449212682972,0,2.35832535555241,0,
0.932407554791274,0,0.0381291972357693,0,2.3650104487984,0,
0.937157897687088,0,0.0397605979346038,0,2.38195292768403,0,
0.93564135469475,0,0.0463501545709938,0,2.37686302057924,0,
0.933236303851718,0,0.0440052707362956,0,2.36821421882807,0,
0.933969285884145,0,0.0363103626942318,0,2.3704763927623,0,
0.93355194397284,0,0.0389877155878374,0,2.36911363818091,0,
0.93383152182693,0,0.0463552198971141,0,2.37043331278751,0,
0.937066898604314,0,0.0438658177624399,0,2.38181683687532,0,
0.935681901510946,0,0.0384281123036918,0,2.3766524344661,0,
0.930344276540171,0,0.0400855453164442,0,2.35777068366582,0,
0.932598003493394,0,0.0422674436033576,0,2.36587096359306,0,
0.938719770722105,0,0.0420165621104716,0,2.38760403404056,0,
0.936122842457776,0,0.0437141942763098,0,2.37845698698903,0,
0.93097946949759,0,0.0422755637120608,0,2.36012197904722,0,
0.933081811601858,0,0.0371743223971033,0,2.3673652577575,0,
0.935615743357114,0,0.0400496725946183,0,2.37649089642205,0,
0.93484807148767,0,0.0468660580289406,0,2.37406931188732,0,
0.935850223132591,0,0.0434486963731639,0,2.37747707177941,0,
0.934761266464864,0,0.0374531021106069,0,2.37334051134084,0,
0.930615701162829,0,0.0400192796757161,0,2.35873316649354,0,
0.933317277788758,0,0.0427211747189104,0,2.36844674022695,0,
0.938814203780301,0,0.0423577085425109,0,2.38795628455092,0,
0.935622045007026,0,0.0441616909965548,0,2.37669917846325,0,
0.931413628574821,0,0.0418372999670836,0,2.36164600806041,0,
0.933397877925778,0,0.0364313193702902,0,2.36845585530065,0,
0.934127217489771,0,0.0405006655831668,0,2.37122578742769,0,
0.934705057004521,0,0.0465186828660887,0,2.37354667144654,0,
0.937831508266715,0,0.0430041721143374,0,2.38449641117695,0,
0.934730327758157,0,0.0399454752918278,0,2.3733430899279,0,
0.929753409316017,0,0.0404778470062691,0,2.35569159115929,0,
0.933507665530178,0,0.0386452442687071,0,2.36894414704348,0,
0.936944175323197,0,0.0418939573129132,0,2.381293915159,0,
0.935325036051818,0,0.0471898277316969,0,2.37578115892213,0,
0.93587431344159,0,0.0422671952227553,0,2.37751098148192,0,
0.933771101353242,0,0.0375749013371069,0,2.3698325442969,0,
0.929807592907867,0,0.0402179340362876,0,2.35587387850689,0,
0.934219852838464,0,0.0405363808982924,0,2.37155738616787,0,
0.938115999478454,0,0.0428733297761246,0,2.38550234890131,0,
0.935313876851648,0,0.0469506960610628,0,2.37573153426517,0,
0.934957772772012,0,0.0413735885207371,0,2.37421575439383,0,
0.933143853194548,0,0.0368908343907632,0,2.36757689135114,0,
0.929853566277066,0,0.0402822697114901,0,2.35604063527524,0,
0.934822804491264,0,0.0407445006817319,0,2.37370845488598,0,
0.938127404285712,0,0.0435527910549605,0,2.38557564722137,0,
0.935399406105631,0,0.0472039291514043,0,2.37604785068081,0,
0.935604429135387,0,0.0409156148391156,0,2.37649216201342,0,
0.932555423236288,0,0.0375417216939124,0,2.36551793843923,0,
0.929470522831854,0,0.0398018724028794,0,2.35466143343168,0,
0.934892703534242,0,0.0390410802154582,0,2.37388053008181,0,
0.936798724060706,0,0.0441830001101876,0,2.3808851119062,0,
0.936225989380147,0,0.0475274773911548,0,2.37900293537814,0,
0.93764524287315,0,0.0415949956378757,0,2.38377163724961,0,
0.932158007258611,0,0.0402684822582737,0,2.36422558985,0,
0.929898299388098,0,0.0383122708578697,0,2.35612056686895,0,
0.933556562712365,0,0.0363323554006925,0,2.36901862889235,0,
0.933441588352245,0,0.0437053907220678,0,2.36893425936642,0,
0.937601716049466,0,0.0455086278170417,0,2.38380233761949,0,
0.939206260451562,0,0.044473239474759,0,2.38945565349035,0,
0.933765608329804,0,0.0451026376989232,0,2.37014727584244,0,
0.933405146459676,0,0.0376723265790113,0,2.36854148556237,0,
0.930608937019703,0,0.0364692336330875,0,2.35856865514824,0,
0.92988753585504,0,0.0394184349572455,0,2.35612930528407,0,
0.936117237029277,0,0.0394908893684948,0,2.37824924966719,0,
0.936312234619275,0,0.0467635704789978,0,2.37927794891089,0,
0.938566125312475,0,0.0469671609331487,0,2.38730301619799,0,
0.938317894002906,0,0.0434791245126326,0,2.38625291976272,0,
0.931926879593364,0,0.0428529157403665,0,2.36351633365544,0,
0.932119669901676,0,0.0353618095448747,0,2.36388338591743,0,
0.929301117337812,0,0.0363115132502008,0,2.35392562967007,0,
0.930594914301057,0,0.03884290035347,0,2.35861937442474,0,
0.936459221816163,0,0.0402746191857026,0,2.37950110882585,0,
0.936365507915943,0,0.0482706161196652,0,2.37953970990432,0,
0.940725180299623,0,0.0466290134694999,0,2.39496793472426,0,
0.938093705732456,0,0.0466124433016845,0,2.38560957441396,0,
0.934051931351876,0,0.0433587911736054,0,2.37109151154632,0,
0.932888103007173,0,0.0357847726398821,0,2.36662976402346,0,
0.926916298111604,0,0.036847515371356,0,2.34549045014694,0,
0.930177380502331,0,0.0329463300762395,0,2.35690242667462,0,
0.930488594012306,0,0.0382745765620573,0,2.35822259376412,0,
0.934654070157585,0,0.0428097288706866,0,2.37320935247407,0,
0.940114377514696,0,0.0458330774285387,0,2.39276234466007,0,
0.939468085052682,0,0.0520312967088836,0,2.39077269215912,0,
0.942770173275954,0,0.0476208519416767,0,2.40230002653718,0,
0.936572076227079,0,0.0480665918239756,0,2.38027145890599,0,
0.934806113599933,0,0.0397919803189405,0,2.37361697175226,0,
0.92920994667634,0,0.0356798874254939,0,2.35359130560345,0,
0.925552650281166,0,0.0323190797037146,0,2.34050586837406,0,
0.926595756255207,0,0.0286397928618258,0,2.34406849982267,0,
0.924641120144001,0,0.0343260907976451,0,2.33734439914875,0,
0.932571168918476,0,0.0339610231471826,0,2.36543751224029,0,
0.933150135337422,0,0.0456354948453824,0,2.36799769464339,0,
0.943169107060179,0,0.047258809116988,0,2.40371833874514,0,
0.943361797728771,0,0.0575237780469393,0,2.40496699731008,0,
0.949155116839381,0,0.0558705602216501,0,2.42553923377235,0,
0.944978801417615,0,0.0583709477782843,0,2.41078651814574,0,
0.943943917031108,0,0.0504382594403946,0,2.40665522672192,0,
0.93567744463947,0,0.0458273248718182,0,2.37700681351612,0,
0.930858027549261,0,0.0350550217695071,0,2.35943482861427,0,
0.922381764777908,0,0.0287465595594764,0,2.32920307381385,0,
0.917824962099682,0,0.0198090038139876,0,2.31286963532702,0,
0.911762025780782,0,0.0152811423914212,0,2.29141626160537,0,
0.908952221138901,0,0.00966689137933697,0,2.28145404704192,0,
0.905456302327479,0,0.00724822690494904,0,2.26915309484022,0,
0.904076565675134,0,0.00425892579344257,0,2.26429278512648,0,
0.902314417856906,0,0.00316791682000552,0,2.25811102662218,0,
0.90172435378772,0,0.00173845923256694,0,2.2560395877467,0,
0.900915497437601,0,0.00129667283885262,0,2.25320597576654,0,
0.900685540306718,0,0.000666280131752847,0,2.25240006288074,0,
0.90034108999282,0,0.000500702782957555,0,2.2511940678376,0,
0.900257531845837,0,0.000241327280374782,0,2.25090145407498,0,
0.90012029260425,0,0.000183010829952993,0,2.25042105714514,0,
0.900091656385613,0,8.2884522437788e-05,0,2.25032080883382,0,
0.900040267538947,0,6.34364368841267e-05,0,2.25014094028565,0,
0.900030957142098,0,2.7048926135393e-05,0,2.25010835129788,0,
0.900012817741206,0,2.08832307020308e-05,0,2.25004486252595,0,
0.900009936802657,0,8.40072216688681e-06,0,2.25003477895933,0,
0.900003885592887,0,6.53810277466473e-06,0,2.25001359963469,0,
0.900003035457462,0,2.48646312920262e-06,0,2.25001062413383,0,
0.900001123284584,0,1.94940485262294e-06,0,2.25000393151948,0,
0.900000883684013,0,7.02311233003913e-07,0,2.25000309291603,0,
0.900000310084115,0,5.54307284208936e-07,0,2.25000108531467,0,
0.900000245504881,0,1.89551711528356e-07,0,2.25000085928827,0,
0.900000081838791,0,1.50517763676042e-07,0,2.25000028645577,0,
0.900000065174372,0,4.89472828687059e-08,0,2.2500002281315,0,
0.900000020670624,0,3.90814468585225e-08,0,2.25000007236714,0,
0.900000016550531,0,1.2107794180962e-08,0,2.25000005794818,0,
0.900000004996591,0,9.7131260697497e-09,0,2.25000001750804,0,
0.9000000040213,0,2.87241408936064e-09,0,2.25000001409598,0,
0.900000001151115,0,2.31122473548477e-09,0,2.25000000404888,0,
0.90000000093172,0,6.54267004832906e-10,0,2.25000000328256,0,
0.900000000246661,0,5.246178450916e-10,0,2.25000000088328,0,
0.900000000201715,0,1.43217113723874e-10,0,2.25000000072765,0,
0.900000000042478,0,1.11029171597412e-10,0,2.25000000016865,0,
0.900000000036284,0,3.01429298188401e-11,0,2.25000000014873,0,
0.899999999998184,0,1.90154168337449e-11,0,2.25000000001362,0,
0.900000000000327,0,6.08563125818218e-12,0,2.250000000023,0,
0.89999999998894,0,-7.56186594801951e-13,0,2.24999999998127,0,
0.899999999992872,0,1.15722561163274e-12,0,2.24999999999701,0,
0.89999999998708,0,-4.94357314341466e-12,0,2.24999999997476,0,
0.899999999991445,0,1.84127343002165e-13,0,2.24999999999212,0,
0.899999999986721,0,-5.89561695756738e-12,0,2.24999999997351,0,
0.89999999999125,0,9.23224459844087e-15,0,2.24999999999155,0,
0.899999999986677,0,-6.18885350372205e-12,0,2.24999999997335,0,
0.899999999991317,0,2.09092002969391e-17,0,2.24999999999189,0,
0.899999999986677,0,-6.34611178419228e-12,0,2.24999999997335,0,
0.89999999999143,0,1.75785312231037e-17,0,2.24999999999234,0,
0.899999999986677,0,-6.49858814905828e-12,0,2.24999999997335,0,
0.899999999991543,0,3.88578058615948e-17,0,2.24999999999279,0,
0.899999999986677,0,-6.65113649338379e-12,0,2.24999999997335,0,
0.899999999991655,0,1.1842378929184e-17,0,2.24999999999324,0,
0.899999999986677,0,-6.80358565778554e-12,0,2.24999999997335,0,
0.899999999991768,0,4.16333634232152e-17,0,2.24999999999369,0,
0.899999999986677,0,-6.95610680164677e-12,0,2.24999999997335,0,
0.899999999991881,0,4.71844785461223e-17,0,2.24999999999414,0,
0.899999999986677,0,-7.108632201363e-12,0,2.24999999997335,0,
0.899999999991993,0,3.33066907384482e-17,0,2.24999999999459,0,
0.899999999986677,0,-7.26113983751083e-12,0,2.24999999997335,0,
0.899999999992106,0,4.181840059395e-17,0,2.24999999999504,0,
0.899999999986677,0,-7.41360713555532e-12,0,2.24999999997335,0,
0.899999999992219,0,2.79406127861568e-17,0,2.24999999999549,0,
0.899999999986677,0,-7.56615029883977e-12,0,2.24999999997335,0,
0.899999999992331,0,3.92278802029849e-17,0,2.24999999999594,0,
0.899999999986677,0,-7.71864794298017e-12,0,2.24999999997335,0,
0.899999999992444,0,2.64603154199582e-17,0,2.24999999999639,0,
0.899999999986677,0,-7.87113207940711e-12,0,2.24999999997335,0,
0.899999999992557,0,2.7755575615263e-17,0,2.24999999999684,0,
0.899999999986677,0,-8.02363268414235e-12,0,2.24999999997335,0,
0.89999999999267,0,5.31056680107602e-17,0,2.2499999999973,0,
0.899999999986677,0,-8.17615641852384e-12,0,2.24999999997335,0,
0.899999999992782,0,-1.48029736617073e-17,0,2.24999999999775,0,
0.899999999986677,0,-8.32865295244125e-12,0,2.24999999997335,0,
0.899999999992895,0,5.79166344507209e-17,0,2.2499999999982,0,
0.899999999986677,0,-8.48115670280833e-12,0,2.24999999997335,0,
0.899999999993008,0,4.88498130830535e-17,0,2.24999999999865,0,
0.899999999986677,0,-8.63367248059151e-12,0,2.24999999997335,0,
0.89999999999312,0,2.57201667367905e-17,0,2.2499999999991,0,
0.899999999986677,0,-8.78617623095862e-12,0,2.24999999997335,0,
0.899999999993233,0,-1.85037170789497e-18,0,2.24999999999955,0,
0.899999999986677,0,-8.93508729961849e-12,0,2.24999999997335,0,
0.9,0,0,0,2.25,0,
