12,0,
12,0,
12,0,
12,0,
12,0,
12,0,
12,0,
12,0,
12,0,
12,0,
12,0,
12,0,
12,0,
12,0,
12,0,
12,0,
12,0,
12,0,
12,0,
12,0,
12,0,
12,0,
12,0,
12,0,
12,0,
12,0,
12,0,
12,0,
12,0,
12,0,
12,0,
12,0,
12,0,
12,0,
12,0,
12,0,
12,0,
12,0,
12,0,
12,0,
12,0,
12,0,
12,0,
12,0,
12,0,
12,0,
12,0,
12,0,
12,0,
12,0,
12,0,
12,0,
12,0,
12,0,
12,0,
12,0,
12,0,
12,0,
12,0,
12,0,
12,0,
12,0,
12,0,
12,0,
12,0,
12,0,
12,0,
12,0,
12,0,
12,0,
12,0,
12,0,
12,0,
12,0,
12,0,
12,0,
12,0,
12,0,
12,0,
12,0,
12,0,
12,0,
12,0,
12,0,
12,0,
12,0,
12,0,
12,0,
12,0,
12,0,
12,0,
12,0,
12,0,
12,0,
12,0,
12,0,
12,0,
12,0,
12,0,
12,0,
12,0,
12,0,
12,0,
12,0,
12,0,
12,0,
12,0,
12,0,
12,0,
12,0,
12,0,
12,0,
12,0,
12,0,
12,0,
12,0,
12,0,
12,0,
12,0,
12,0,
12,0,
12,0,
12,0,
12,0,
12,0,
12,0,
12,0,
12,0,
12,0,
12,0,
12,0,
12,0,
12,0,
12,0,
12,0,
12,0,
12,0,
12,0,
12,0,
12,0,
12,0,
12,0,
12,0,
12,0,
12,0,
12,0,
12,0,
12,0,
12,0,
12,0,
12,0,
12,0,
12,0,
12,0,
12,0,
12,0,
12,0,
12,0,
12,0,
12,0,
12,0,
12,0,
12,0,
12,0,
12,0,
12,0,
12,0,
12,0,
12,0,
12,0,
12,0,
12,0,
12,0,
12,0,
12,0,
12,0,
12,0,
12,0,
12,0,
12,0,
12,0,
12,0,
12,0,
12,0,
12,0,
12,0,
12,0,
12,0,
12,0,
12,0,
12,0,
12,0,
12,0,
12,0,
12,0,
12,0,
12,0,
12,0,
12,0,
12,0,
12,0,
12,0,
12,0,
12,0,
12,0,
12,0,
12,0,
12,0,
12,0,
12,0,
12,0,
12,0,
12,0,
12,0,
12,0,
12,0,
12,0,
12,0,
12,0,
12,0,
12,0,
12,0,
12,0,
12,0,
12,0,
12,0,
12,0,
12,0,
12,0,
12,0,
12,0,
12,0,
12,0,
12,0,
12,0,
12,0,
12,0,
12,0,
12,0,
12,0,
12,0,
12,0,
12,0,
12,0,
12,0,
12,0,
12,0,
12,0,
12,0,
12,0,
12,0,
12,0,
12,0,
12,0,
12,0,
12,0,
12,0,
12,0,
12,0,
12,0,
12,0,
12,0,
12,0,
12,0,
12,0,
12,0,
12,0,
12,0,
12,0,
12,0,
12,0,
12,0,
12,0,
12,0,
12,0,
12,0,
12,0,
12,0,
12,0,
12,0,
12,0,
12,0,
12,0,
11.9999999999999,0,
11.9999999999998,0,
11.9999999999993,0,
11.999999999998,0,
11.9999999999942,0,
11.9999999999835,0,
11.9999999999535,0,
11.999999999872,0,
11.9999999996545,0,
11.9999999990858,0,
11.9999999976288,0,
11.9999999939724,0,
11.9999999849854,0,
11.9999999633535,0,
11.9999999123678,0,
11.9999997947051,0,
11.9999995288512,0,
11.9999989407507,0,
11.9999976670209,0,
11.9999949657981,0,
11.999989355602,0,
11.9999779411058,0,
11.999955180184,0,
11.9999106697081,0,
11.999825224686,0,
11.9996639893602,0,
11.9993643110227,0,
11.9988140196277,0,
11.9978106317612,0,
11.9959720425606,0,
11.9923372654284,0,
11.9781254622011,0,
11.7248985322956,0,
8.86130646954486,0,
4.26283979305668,0,
3.16261613875256,0,
3.05590407382153,0,
3.03235666410824,0,
3.02049733063479,0,
3.01321659409561,0,
3.00855305389672,0,
3.00552508636463,0,
3.00355142198083,0,
3.00226663562753,0,
3.00143417001664,0,
3.00089855564714,0,
3.00055694623125,0,
3.00034126045955,0,
3.00020658809158,0,
3.00012349836082,0,
3.00007287547777,0,
3.00004243497073,0,
3.00002437648901,0,
3.00001381101865,0,
3.00000771625701,0,
3.00000425056729,0,
3.00000230829124,0,
3.00000123563907,0,
3.00000065194632,0,
3.00000033901574,0,
3.00000017373608,0,
3.00000008774079,0,
3.00000004366542,0,
3.00000002141338,0,
3.00000001034746,0,
3.00000000492692,0,
3.00000000231156,0,
3.00000000106861,0,
3.00000000048676,0,
3.00000000021847,0,
3.00000000009661,0,
3.0000000000421,0,
3.00000000001808,0,
3.00000000000765,0,
3.00000000000319,0,
3.00000000000131,0,
3.00000000000053,0,
3.00000000000021,0,
3.00000000000008,0,
3.00000000000003,0,
3.00000000000001,0,
3,0,
3,0,
3,0,
3,0,
3,0,
3,0,
3,0,
3,0,
3,0,
3,0,
3,0,
3,0,
3,0,
3,0,
3,0,
3,0,
3,0,
3,0,
3,0,
3,0,
3,0,
3,0,
3,0,
3,0,
3,0,
3,0,
3,0,
3,0,
3,0,
3,0,
3,0,
3,0,
3,0,
3,0,
3,0,
3,0,
3,0,
3,0,
3,0,
3,0,
3,0,
3,0,
3,0,
3,0,
3,0,
3,0,
3,0,
3,0,
3,0,
3,0,
3,0,
3,0,
3,0,
3,0,
3,0,
3,0,
3,0,
3,0,
3,0,
3,0,
3,0,
3,0,
3,0,
3,0,
3,0,
3,0,
3,0,
3,0,
3,0,
3,0,
3,0,
3,0,
3,0,
3,0,
3,0,
3,0,
3,0,
3,0,
3,0,
3,0,
3,0,
3,0,
3,0,
3,0,
3,0,
3,0,
3,0,
3,0,
3,0,
3,0,
3,0,
3,0,
3,0,
3,0,
3,0,
3,0,
3,0,
3,0,
3,0,
3,0,
3,0,
3,0,
3,0,
3,0,
3,0,
3,0,
3,0,
3,0,
3,0,
3,0,
3,0,
3,0,
3,0,
3,0,
3,0,
3,0,
3,0,
3,0,
3,0,
3,0,
3,0,
3,0,
3,0,
3,0,
3,0,
3,0,
3,0,
3,0,
3,0,
3,0,
3,0,
3,0,
3,0,
3,0,
3,0,
3,0,
