1,0,0,0,2.5,0,
0.999999999986677,0,8.94265809545789e-12,0,2.49999999997335,0,
0.999999999993233,0,-2.7015426932327e-17,0,2.49999999999955,0,
0.999999999986677,0,8.78613626292692e-12,0,2.49999999997335,0,
0.99999999999312,0,-4.99600361074976e-17,0,2.4999999999991,0,
0.999999999986677,0,8.63369635038352e-12,0,2.49999999997335,0,
0.999999999993007,0,-7.03141248906859e-18,0,2.49999999999865,0,
0.999999999986677,0,8.48136746014251e-12,0,2.49999999997335,0,
0.999999999992895,0,-6.99440505508551e-17,0,2.4999999999982,0,
0.999999999986677,0,8.32848604890987e-12,0,2.49999999997335,0,
0.999999999992782,0,-4.81096643969714e-18,0,2.49999999999775,0,
0.999999999986677,0,8.17617899305497e-12,0,2.49999999997335,0,
0.999999999992669,0,-4.62592926923223e-17,0,2.4999999999973,0,
0.999999999986677,0,8.02359401136966e-12,0,2.49999999997335,0,
0.999999999992557,0,-3.03460960062391e-17,0,2.49999999999684,0,
0.999999999986677,0,7.87115298860326e-12,0,2.49999999997335,0,
0.999999999992444,0,-3.25665420551874e-17,0,2.49999999999639,0,
0.999999999986677,0,7.71864905319878e-12,0,2.49999999997335,0,
0.999999999992331,0,-6.14323406953763e-17,0,2.49999999999594,0,
0.999999999986677,0,7.56613882653047e-12,0,2.49999999997335,0,
0.999999999992219,0,-3.07161703477029e-17,0,2.49999999999549,0,
0.999999999986677,0,7.41365524521479e-12,0,2.49999999997335,0,
0.999999999992106,0,-5.18104078155386e-17,0,2.49999999999504,0,
0.999999999986677,0,7.26108395628017e-12,0,2.49999999997335,0,
0.999999999991993,0,-2.99760216646451e-17,0,2.49999999999459,0,
0.999999999986677,0,7.10861406771539e-12,0,2.49999999997335,0,
0.99999999999188,0,-5.69914485970489e-17,0,2.49999999999414,0,
0.999999999986677,0,6.95616379309073e-12,0,2.49999999997335,0,
0.999999999991768,0,-4.77395900585097e-17,0,2.49999999999369,0,
0.999999999986677,0,6.80362322032671e-12,0,2.49999999997335,0,
0.999999999991655,0,-4.8109664400112e-17,0,2.49999999999324,0,
0.999999999986677,0,6.6511351981192e-12,0,2.49999999997335,0,
0.999999999991542,0,-2.99760216646987e-17,0,2.49999999999279,0,
0.999999999986677,0,6.49865938836497e-12,0,2.49999999997335,0,
0.99999999999143,0,-3.5157062446284e-17,0,2.49999999999234,0,
0.999999999986677,0,6.34607107601088e-12,0,2.49999999997335,0,
0.999999999991317,0,-3.29366163969637e-17,0,2.49999999999189,0,
0.999999999986677,0,6.19361562034542e-12,0,2.49999999997335,0,
0.999999999991204,0,-5.92118946463462e-17,0,2.49999999999144,0,
0.999999999986677,0,6.04113055873265e-12,0,2.49999999997335,0,
0.999999999991092,0,-1.33226762954255e-17,0,2.49999999999098,0,
0.999999999986677,0,5.88861034005742e-12,0,2.49999999997335,0,
0.999999999990979,0,-5.69914485971162e-17,0,2.49999999999053,0,
0.999999999986677,0,5.73612749889069e-12,0,2.49999999997335,0,
0.999999999990866,0,-3.58972111294151e-17,0,2.49999999999008,0,
0.999999999986677,0,5.58359247724179e-12,0,2.49999999997335,0,
0.999999999990754,0,-3.47869881047939e-17,0,2.49999999998963,0,
0.999999999986677,0,5.4310933528039e-12,0,2.49999999997335,0,
0.999999999990641,0,-3.92278802033046e-17,0,2.49999999998918,0,
0.999999999986677,0,5.27863678691461e-12,0,2.49999999997335,0,
0.999999999990528,0,-2.9976021664778e-17,0,2.49999999998873,0,
0.999999999986677,0,5.12604366359326e-12,0,2.49999999997335,0,
0.999999999990416,0,-4.99600361079458e-17,0,2.49999999998828,0,
0.999999999986677,0,4.9735767356224e-12,0,2.49999999997335,0,
0.999999999990303,0,-4.44089209848759e-17,0,2.49999999998783,0,
0.999999999986677,0,4.82107354036606e-12,0,2.49999999997335,0,
0.99999999999019,0,-2.47949808832418e-17,0,2.49999999998738,0,
0.999999999986677,0,4.66856072317685e-12,0,2.49999999997335,0,
0.999999999990077,0,-5.51410768895599e-17,0,2.49999999998693,0,
0.999999999986677,0,4.51606159873827e-12,0,2.49999999997335,0,
0.999999999989965,0,-2.10942374678333e-17,0,2.49999999998648,0,
0.999999999986677,0,4.3636453709522e-12,0,2.49999999997335,0,
0.999999999989852,0,-2.14643118093913e-17,0,2.49999999998603,0,
0.999999999986677,0,4.21103226361641e-12,0,2.49999999997335,0,
0.999999999989739,0,-2.88657986402701e-17,0,2.49999999998558,0,
0.999999999986677,0,4.05859975255932e-12,0,2.49999999997335,0,
0.999999999989627,0,-2.62752782494565e-17,0,2.49999999998512,0,
0.999999999986677,0,3.9060343848136e-12,0,2.49999999997335,0,
0.999999999989514,0,-5.47710025480997e-17,0,2.49999999998467,0,
0.999999999986677,0,3.75354081149015e-12,0,2.49999999997335,0,
0.999999999989401,0,-3.58972111295756e-17,0,2.49999999998422,0,
0.999999999986677,0,3.60108905656728e-12,0,2.49999999997335,0,
0.999999999989289,0,-4.92198874250258e-17,0,2.49999999998377,0,
0.999999999986677,0,3.44853146038274e-12,0,2.49999999997335,0,
0.999999999989176,0,-2.99760216648986e-17,0,2.49999999998332,0,
0.999999999986677,0,3.29603196586981e-12,0,2.49999999997335,0,
0.999999999989063,0,9.99200722159367e-18,0,2.49999999998287,0,
0.999999999986677,0,3.14353654217465e-12,0,2.49999999997335,0,
0.999999999988951,0,1.22124532708285e-17,0,2.49999999998242,0,
0.999999999986677,0,2.99102409505977e-12,0,2.49999999997335,0,
0.999999999988838,0,1.73934940524003e-17,0,2.49999999998197,0,
0.999999999986677,0,2.83855272619682e-12,0,2.49999999997335,0,
0.999999999988725,0,2.59052039077713e-18,0,2.49999999998152,0,
0.999999999986677,0,2.68601659432396e-12,0,2.49999999997335,0,
0.999999999988613,0,6.2912638061843e-18,0,2.49999999998107,0,
0.999999999986677,0,2.5335078479521e-12,0,2.49999999997335,0,
0.9999999999885,0,7.77156117237196e-18,0,2.49999999998062,0,
0.999999999986677,0,2.38104129005516e-12,0,2.49999999997335,0,
0.999999999988387,0,2.55351295663142e-17,0,2.49999999998017,0,
0.999999999986677,0,2.22849109535704e-12,0,2.49999999997335,0,
0.999999999988274,0,-5.92118946466419e-18,0,2.49999999997972,0,
0.999999999986677,0,2.07600122277659e-12,0,2.49999999997335,0,
0.999999999988162,0,1.33226762954635e-17,0,2.49999999997927,0,
0.999999999986677,0,1.92351135019614e-12,0,2.49999999997335,0,
0.999999999988049,0,8.88178419697641e-18,0,2.49999999997881,0,
0.999999999986677,0,1.77097595847167e-12,0,2.49999999997335,0,
0.999999999987936,0,4.10782519110576e-17,0,2.49999999997836,0,
0.999999999986677,0,1.61850310931089e-12,0,2.49999999997335,0,
0.999999999987824,0,9.62193288006414e-18,0,2.49999999997791,0,
0.999999999986677,0,1.46599695345938e-12,0,2.49999999997335,0,
0.999999999987711,0,9.62193288006194e-18,0,2.49999999997746,0,
0.999999999986677,0,1.3134863567157e-12,0,2.49999999997335,0,
0.999999999987598,0,-3.70074341541475e-18,0,2.49999999997701,0,
0.999999999986677,0,1.1609990746554e-12,0,2.49999999997335,0,
0.999999999987486,0,1.18423789293123e-17,0,2.49999999997656,0,
0.999999999986677,0,1.00846960412016e-12,0,2.49999999997335,0,
0.999999999987373,0,7.40148683082678e-19,0,2.49999999997611,0,
0.999999999986677,0,8.55981951985495e-13,0,2.49999999997335,0,
0.99999999998726,0,4.07081775695113e-18,0,2.49999999997566,0,
0.999999999986677,0,7.03475796133711e-13,0,2.49999999997335,0,
0.999999999987148,0,1.18423789293226e-17,0,2.49999999997521,0,
0.999999999986677,0,5.50971490653544e-13,0,2.49999999997335,0,
0.999999999987035,0,2.25745348340289e-17,0,2.49999999997476,0,
0.999999999986677,0,3.98462004132585e-13,0,2.49999999997335,0,
0.999999999986922,0,4.0708177569572e-18,0,2.49999999997431,0,
0.999999999986677,0,2.45961769470137e-13,0,2.49999999997335,0,
0.99999999998681,0,8.88178419699996e-18,0,2.49999999997386,0,
0.999999999986677,0,9.34585742129395e-14,0,2.49999999997335,0,
0.999999999986697,0,4.07081775695825e-18,0,2.49999999997341,0,
0.999999999986677,0,9.71075072205462e-16,0,2.49999999997335,0,
0.999999999986677,0,1.48029736616685e-18,0,2.49999999997335,0,
0.999999999986677,0,0,0,2.49999999997335,0,
0.999999999986677,0,0,0,2.49999999997335,0,
0.999999999986677,0,0,0,2.49999999997335,0,
0.999999999986677,0,0,0,2.49999999997335,0,
0.999999999986677,0,0,0,2.49999999997335,0,
0.999999999986677,0,0,0,2.49999999997335,0,
0.999999999986677,0,0,0,2.49999999997335,0,
0.999999999986677,0,0,0,2.49999999997335,0,
0.999999999986677,0,0,0,2.49999999997335,0,
0.999999999986677,0,0,0,2.49999999997335,0,
0.999999999986677,0,0,0,2.49999999997335,0,
0.999999999986677,0,0,0,2.49999999997335,0,
0.999999999986677,0,0,0,2.49999999997335,0,
0.999999999986677,0,0,0,2.49999999997335,0,
0.999999999986677,0,0,0,2.49999999997335,0,
0.999999999986677,0,-2.96059473233369e-18,0,2.49999999997335,0,
0.999999999986677,0,2.33072820302972e-15,0,2.49999999997335,0,
0.999999999986652,0,3.30106312655212e-16,0,2.49999999997328,0,
0.999999999986664,0,1.21672671937736e-13,0,2.49999999997332,0,
0.999999999986398,0,9.19212853981784e-14,0,2.49999999997239,0,
0.999999999986457,0,8.16754811931174e-13,0,2.49999999997259,0,
0.999999999985076,0,6.57801961049562e-13,0,2.49999999996776,0,
0.999999999985381,0,4.29900929669645e-12,0,2.49999999996882,0,
0.999999999978586,0,3.48606291981409e-12,0,2.49999999994504,0,
0.999999999980122,0,2.10728527220495e-11,0,2.49999999995042,0,
0.999999999947923,0,1.70489737142748e-11,0,2.49999999983772,0,
0.999999999955381,0,9.87676736692925e-11,0,2.49999999986383,0,
0.999999999808726,0,7.95931006288361e-11,0,2.49999999935052,0,
0.999999999843599,0,4.44307743189576e-10,0,2.49999999947258,0,
0.999999999202488,0,3.56381915089753e-10,0,2.4999999972287,0,
0.999999999359259,0,1.91743846652151e-09,0,2.4999999977774,0,
0.999999996673439,0,1.53006795936899e-09,0,2.49999998837701,0,
0.999999997350116,0,7.92863788623309e-09,0,2.49999999074537,0,
0.999999986583207,0,6.29101484535641e-09,0,2.49999995306122,0,
0.999999989384099,0,3.1367524071138e-08,0,2.49999996286434,0,
0.999999948149617,0,2.47330006112657e-08,0,2.49999981854365,0,
0.999999959251992,0,1.18538320303933e-07,0,2.49999985740196,0,
0.999999808658378,0,9.28171953051701e-08,0,2.49999933032432,0,
0.999999850739532,0,4.27122248263918e-07,0,2.49999947760846,0,
0.999999327303885,0,3.31847963330324e-07,0,2.49999764558393,0,
0.999999479567989,0,1.4645076368885e-06,0,2.49999817850902,0,
0.999997751886999,0,1.12790739750327e-06,0,2.49999213162803,0,
0.999998276874863,0,4.76765571549031e-06,0,2.49999396909342,0,
0.999992875337717,0,3.63561093244287e-06,0,2.49997506373771,0,
0.999994596564556,0,1.46992338667465e-05,0,2.4999810881046,0,
0.999978645707656,0,1.10830296633256e-05,0,2.4999252603183,0,
0.999983998669366,0,4.27968039000765e-05,0,2.49994399628628,0,
0.999939654769828,0,3.18544640370999e-05,0,2.49978879428806,0,
0.999955397179402,0,0.000117278505758795,0,2.49984389710033,0,
0.999839787635577,0,8.60238489731884e-05,0,2.49943927493194,0,
0.999883382416064,0,0.000301337177903264,0,2.49959188450697,0,
0.999602022703833,0,0.000217483445027784,0,2.49860719208012,0,
0.999714997829899,0,0.000722737763358669,0,2.49900275837471,0,
0.999079424835988,0,0.000512994053291569,0,2.49677859287137,0,
0.999350777014759,0,0.00160975211136113,0,2.49772905021901,0,
0.998027968521797,0,0.00112634777609339,0,2.49310070365656,0,
0.998622915204499,0,0.00330985053633908,0,2.49518593140366,0,
0.996112091196391,0,0.00230233468574681,0,2.48640353378745,0,
0.997274276271682,0,0.00624055128031296,0,2.49048109781768,0,
0.992993629230499,0,0.00439841011293306,0,2.47551596471607,0,
0.994936357337039,0,0.0107121125978211,0,2.48234398059256,0,
0.988538404489522,0,0.00790962835297268,0,2.45999615613487,0,
0.991111876594468,0,0.0166276189190258,0,2.4690719746608,0,
0.983066764398026,0,0.0134632891343262,0,2.44101283456949,0,
0.985250776441705,0,0.0232619850965025,0,2.4487942250608,0,
0.977372129949285,0,0.0215902951194456,0,2.42139712525333,0,
0.977153663814194,0,0.0295505558687889,0,2.42085567461289,0,
0.972164537261539,0,0.0319807750039307,0,2.40365536358317,0,
0.967783202293739,0,0.035102466984877,0,2.38861442655909,0,
0.967189189820059,0,0.042523397549647,0,2.38685295207666,0,
0.959696690209719,0,0.0409337292987536,0,2.36094848854144,0,
0.961453935976178,0,0.049668243525692,0,2.3674111045514,0,
0.955711464665632,0,0.0478935860637101,0,2.34757259836327,0,
0.955543652204911,0,0.0511787122621556,0,2.34716903164638,0,
0.956322344396584,0,0.0534664020140742,0,2.34996451708963,0,
0.953190268268418,0,0.0485059101713382,0,2.33893517158539,0,
0.959407481269532,0,0.0524708812063146,0,2.3605112708936,0,
0.957798658893958,0,0.0446329803725074,0,2.35458963737813,0,
0.963051844018931,0,0.0437928735578724,0,2.37264535915205,0,
0.966595468481466,0,0.0408640737360399,0,2.38473670126664,0,
0.96613845850844,0,0.0348141979603787,0,2.38291215201684,0,
0.971054875087263,0,0.0385956238449186,0,2.4000369247081,0,
0.966666213723925,0,0.0351536737379512,0,2.38474937140969,0,
0.966070932543859,0,0.0399023200128946,0,2.3828882004962,0,
0.963772728684422,0,0.0444874028580741,0,2.37515993414494,0,
0.95778656256733,0,0.0441064217751375,0,2.35452063175128,0,
0.959806494376337,0,0.0507556815068747,0,2.36179617199609,0,
0.957105091582707,0,0.0474253783722438,0,2.35233994041055,0,
0.959219779419544,0,0.0456927690471111,0,2.35953410715946,0,
0.96450562304579,0,0.0450565772417197,0,2.37770954569449,0,
0.963929108685951,0,0.0373104776375759,0,2.37538618186151,0,
0.968552746141249,0,0.0389851659805355,0,2.39141252811535,0,
0.967415162709081,0,0.0386176945415712,0,2.38747233902646,0,
0.963143487263917,0,0.038979594784268,0,2.37274833162352,0,
0.96336079365552,0,0.0466717437690407,0,2.37383745341394,0,
0.958176232858447,0,0.0459606871216899,0,2.35595241985119,0,
0.958225938380729,0,0.0469570672322987,0,2.35617218113248,0,
0.962228652949059,0,0.047560207843823,0,2.36997954129971,0,
0.961961912083276,0,0.0399820340888547,0,2.36871723006146,0,
0.966857570234253,0,0.0397979506818473,0,2.38559499525996,0,
0.96778271771954,0,0.0395403716838357,0,2.38877601554295,0,
0.963266303890283,0,0.038329532385534,0,2.37314309124703,0,
0.963262666239535,0,0.0456163312307768,0,2.3734526542681,0,
0.959639991758007,0,0.0468463046528126,0,2.36103340256541,0,
0.957917517678061,0,0.0450515002752587,0,2.35501608667274,0,
0.96332733316936,0,0.0463817053650885,0,2.37370938272316,0,
0.964185972380155,0,0.0401405151660349,0,2.37639422855579,0,
0.965485182245567,0,0.0375908331869788,0,2.38076651752028,0,
0.96736662104221,0,0.0419606253329596,0,2.38743896159111,0,
0.961723311721781,0,0.0418647680574438,0,2.36797980192564,0,
0.959440103286492,0,0.0453727838364123,0,2.36027462685913,0,
0.961355761010427,0,0.0486331737326984,0,2.36702237425158,0,
0.9606137850664,0,0.0425112274148578,0,2.36418513527112,0,
0.964608989575013,0,0.0402272222187283,0,2.37785635501288,0,
0.967863899582905,0,0.0410528327688063,0,2.38911544615576,0,
0.963342854711939,0,0.039156588469218,0,2.37344302477503,0,
0.961484304745064,0,0.0441069974922785,0,2.36725785848468,0,
0.961320639830061,0,0.0483499420737076,0,2.36688771077247,0,
0.959358102988486,0,0.0436044507117987,0,2.3599086028604,0,
0.963575509382813,0,0.0417364380211745,0,2.37435880568511,0,
0.967496059792291,0,0.0413900015446755,0,2.38786038226012,0,
0.963861676013442,0,0.0386801055707234,0,2.37521123194055,0,
0.961952760321654,0,0.0432375332979143,0,2.3688325977945,0,
0.961666593232587,0,0.0481214074638273,0,2.36806784060081,0,
0.959598672100619,0,0.0438928213835189,0,2.3607506279389,0,
0.96311477133567,0,0.0412675096333151,0,2.37274962845237,0,
0.967487785837569,0,0.0416702047074131,0,2.38784305646534,0,
0.963952478949875,0,0.0397026465218272,0,2.37556890211522,0,
0.960832836548615,0,0.0429692815480471,0,2.36496078105184,0,
0.961728879227573,0,0.0481105780135214,0,2.36828134516517,0,
0.961195628398766,0,0.0439623833268575,0,2.3662562164098,0,
0.963220014253802,0,0.0393342869533556,0,2.37302667390408,0,
0.96709286282862,0,0.0415175219987938,0,2.38647462067817,0,
0.963809380540892,0,0.0425364640797752,0,2.37520004430001,0,
0.959074710416814,0,0.0433656670167715,0,2.35892011306393,0,
0.961515932401656,0,0.0465917549077355,0,2.3674786576533,0,
0.964352504591715,0,0.0436237091295736,0,2.37711978279319,0,
0.963927844990782,0,0.0379723784142032,0,2.37540727688147,0,
0.964495902331806,0,0.0412801590886532,0,2.37751119260278,0,
0.962983908802821,0,0.0464726469453429,0,2.37253007408402,0,
0.95934407027896,0,0.0443842986459915,0,2.35989490938411,0,
0.961827591764248,0,0.0420090047628328,0,2.3683455813337,0,
0.966906922696175,0,0.042205905209239,0,2.38586223542141,0,
0.964567446336423,0,0.0408565829504304,0,2.37773885561017,0,
0.96008206772564,0,0.0423164754379408,0,2.36234318206645,0,
0.961470197174494,0,0.0467954427307109,0,2.36732931630691,0,
0.963825669961125,0,0.0444167967361857,0,2.37533894055055,0,
0.963659401878971,0,0.0383836113489077,0,2.37449878776447,0,
0.964094898099631,0,0.0408611709985098,0,2.37610962661214,0,
0.963180290995773,0,0.0466273732323223,0,2.37321302206018,0,
0.960205785539556,0,0.0446832851406262,0,2.36287660859759,0,
0.961810235544561,0,0.0406493501149506,0,2.36822426220844,0,
0.966480597222278,0,0.0417123682666222,0,2.38437019462478,0,
0.964610592914845,0,0.0432158390866038,0,2.37799050692248,0,
0.959340466303325,0,0.0431041604586436,0,2.35982241586161,0,
0.961093765123832,0,0.0442479269760914,0,2.36591632396879,0,
0.965977126170352,0,0.0435056886934842,0,2.38271289492163,0,
0.964600819943097,0,0.0401464944805796,0,2.37782121104534,0,
0.960811152459527,0,0.0415171311021739,0,2.3648194439877,0,
0.961656379461628,0,0.046391930544692,0,2.36795109970585,0,
0.964018378800971,0,0.0446584950491103,0,2.37601343373984,0,
0.963737209897149,0,0.0390198922792374,0,2.3747942037017,0,
0.962829733540447,0,0.0408448063796724,0,2.37174739077408,0,
0.962603288583955,0,0.0466399049948707,0,2.37122521519084,0,
0.962246386914119,0,0.0449321290788413,0,2.36991930059569,0,
0.962852254615569,0,0.039383672819866,0,2.37176019479798,0,
0.964197065249962,0,0.0408409772375739,0,2.37646016639853,0,
0.963360595694189,0,0.0459639462373386,0,2.37380704075717,0,
0.961313533823328,0,0.0447760314974156,0,2.36668849936436,0,
0.962232648828353,0,0.0401144296329408,0,2.36970000114327,0,
0.964811612598111,0,0.0410771878315013,0,2.37841182667016,0,
0.963618190950696,0,0.0453397484088842,0,2.37532626333615,0,
0.96165146631725,0,0.0445499294220968,0,2.36571370694013,0,
0.960284109283209,0,0.0404518104782815,0,2.36876951349532,0,
0.968525900947217,0,0.0414450193360408,0,2.37865228980414,0,
0.957807502617273,0,0.0448882256834252,0,2.37561559436297,0,
0.967302104636622,0,0.0447245598779628,0,2.36621329882444,0,
0.961516878993708,0,0.0404632728376963,0,2.36905691179583,0,
0.957696717489573,0,0.0408623257141984,0,2.37739223920482,0,
0.966336216408564,0,0.045590657205292,0,2.37479306911017,0,
0.970631077553651,0,0.045145150417114,0,2.36811170895514,0,
0.964726798494752,0,0.0399215945656585,0,2.37047704694734,0,
0.953767392641453,0,0.040250681871839,0,2.37481579221184,0,
0.943302298972963,0,0.0455870727309173,0,2.37271923902032,0,
0.937642433074925,0,0.0441913386659606,0,2.37168463627753,0,
0.935834752052503,0,0.0375609902714862,0,2.3731205623968,0,
0.934014541179076,0,0.0390016519030993,0,2.36959117954544,0,
0.933604229962186,0,0.0458264804524403,0,2.36929913039802,0,
0.936087899579035,0,0.0441300462970662,0,2.37827287207538,0,
0.935760926728139,0,0.0376557653112549,0,2.37687611703219,0,
0.931630024909709,0,0.0393444709711728,0,2.36229306414958,0,
0.932483734595954,0,0.044714277273395,0,2.36556553541937,0,
0.938032632501961,0,0.0432887061407876,0,2.38521443708132,0,
0.936626208441926,0,0.0397669521402404,0,2.38006129596731,0,
0.930109154349996,0,0.040653893986112,0,2.35695540605119,0,
0.931926821731216,0,0.0417296711464613,0,2.36345944544458,0,
0.938752013342956,0,0.0415988769321013,0,2.3876961879508,0,
0.936713331779048,0,0.0433107989198242,0,2.38053310411381,0,
0.930475267329086,0,0.0425503922807102,0,2.35834091117501,0,
0.932409876543998,0,0.0381214925711106,0,2.36501835356806,0,
0.937151042942333,0,0.0397561549827403,0,2.38192838348566,0,
0.935637815651715,0,0.0463544759775302,0,2.37685063940514,0,
0.933244674555669,0,0.0440079900144934,0,2.36824407649396,0,
0.93397346974153,0,0.0363103608651246,0,2.37049124693881,0,
0.933543568468888,0,0.0389871366125105,0,2.36908386968945,0,
0.933827454853572,0,0.0463507011709479,0,2.37041866144259,0,
0.937073508119769,0,0.0438642265196876,0,2.38184024424709,0,
0.935685053467073,0,0.0384363465797044,0,2.37666399703006,0,
0.930341075337909,0,0.0400889145247819,0,2.35775945973925,0,
0.932596393632455,0,0.0422573952331119,0,2.36586480368559,0,
0.938718564477937,0,0.0420122822860284,0,2.38759955272222,0,
0.936122626352923,0,0.0437233303276805,0,2.37845663116327,0,
0.930984922091055,0,0.0422796353679077,0,2.36014152466789,0,
0.933083667709159,0,0.0371690022542725,0,2.36737161241996,0,
0.935607662291425,0,0.0400468582725361,0,2.3764620721614,0,
0.934845237607841,0,0.0468655272228091,0,2.37405921670719,0,
0.935858071469249,0,0.0434495055804803,0,2.37750498939762,0,
0.934764125918096,0,0.0374595486578083,0,2.37335095142238,0,
0.93061130876583,0,0.0400206076684992,0,2.35871762388644,0,
0.933315328241099,0,0.0427113053200074,0,2.36843937974446,0,
0.938813002700331,0,0.0423548712844464,0,2.38795188647817,0,
0.935622478762868,0,0.0441704837136416,0,2.37670111531576,0,
0.931420073781876,0,0.0418404901973496,0,2.36166904033951,0,
0.933398992518484,0,0.0364282078505082,0,2.3684596738627,0,
0.93411880670329,0,0.0404983725276599,0,2.3711958155346,0,
0.934702969803013,0,0.0465141145523183,0,2.37353904927367,0,
0.937836989064453,0,0.0430046455661012,0,2.38451590224205,0,
0.934732434059563,0,0.0399552182806663,0,2.37335100526645,0,
0.929754493361909,0,0.0404793850888634,0,2.35569550604586,0,
0.93350648491296,0,0.0386366348159398,0,2.36893957504992,0,
0.936937050774741,0,0.0418911570027049,0,2.38126848134138,0,
0.935324724849895,0,0.0471910650854289,0,2.37578010810838,0,
0.935882330311957,0,0.0422697579655475,0,2.37753957427166,0,
0.933772809945875,0,0.0375822277784716,0,2.36983893351426,0,
0.929805123789055,0,0.0402171942612008,0,2.35586507842702,0,
0.934217638945355,0,0.0405263565915545,0,2.37154907783745,0,
0.938110651115039,0,0.0428715393733445,0,2.38548326617553,0,
0.935315127189226,0,0.0469545445866524,0,2.37573615224185,0,
0.934966160612237,0,0.041376906439264,0,2.37424569382578,0,
0.933144763052269,0,0.0368969509167302,0,2.36758038874531,0,
0.929850353342347,0,0.040280013751896,0,2.35602913071846,0,
0.93482007769135,0,0.0407344694427764,0,2.37369832071764,0,
0.938122018311754,0,0.0435516067806349,0,2.38555645625587,0,
0.93540160477877,0,0.0472071126576526,0,2.37605581171771,0,
0.935612485539578,0,0.0409197062037362,0,2.3765209576388,0,
0.932556351756284,0,0.0375490563500158,0,2.36552155186917,0,
0.929469272801071,0,0.0397990050373081,0,2.3546568768445,0,
0.93488905060313,0,0.0390320845206316,0,2.373867156912,0,
0.936791648168565,0,0.0441807704817482,0,2.38085986409055,0,
0.936228147145858,0,0.0475266742684684,0,2.37901057215333,0,
0.937651295599533,0,0.0416003712025159,0,2.38379338571546,0,
0.932160744143241,0,0.0402778786007015,0,2.36423571083308,0,
0.929901581171449,0,0.0383108901800427,0,2.35613215990497,0,
0.933552065822527,0,0.0363277714327683,0,2.36900247285277,0,
0.933433937714254,0,0.0436999317416406,0,2.36890683179255,0,
0.937601075944776,0,0.045501746525399,0,2.38379973832257,0,
0.939206598887319,0,0.0444778121516636,0,2.3894570778078,0,
0.933771278401619,0,0.0451100007518944,0,2.37016775496078,0,
0.933412345050962,0,0.0376766865622756,0,2.36856722121433,0,
0.930607481084367,0,0.0364732712184948,0,2.35856365695358,0,
0.929885016687138,0,0.0394117158368025,0,2.35612008745227,0,
0.936111112487315,0,0.0394827286305222,0,2.3782271312691,0,
0.93630600121499,0,0.0467600955158048,0,2.37925562059937,0,
0.938568863940416,0,0.0469650496002411,0,2.3873126535465,0,
0.93832132445555,0,0.0434873080478027,0,2.38626550140508,0,
0.931933647111911,0,0.0428608225157703,0,2.36354071399279,0,
0.932125124169944,0,0.0353653748952857,0,2.36390287980642,0,
0.929298214949478,0,0.0363130815079007,0,2.35391539577801,0,
0.930591610192065,0,0.0388341649617768,0,2.358607286848,0,
0.936451360705326,0,0.0402670662631001,0,2.37947284625772,0,
0.936360210008256,0,0.048265073273118,0,2.37952060239025,0,
0.94072656302263,0,0.0466271047512986,0,2.39497275457163,0,
0.938096432306201,0,0.0466206025864223,0,2.38561966222267,0,
0.934060958922879,0,0.0433657481586918,0,2.37112389870251,0,
0.932893532103508,0,0.0357936730708479,0,2.36664940003503,0,
0.926918664445422,0,0.0368508955222795,0,2.34549897047362,0,
0.930176190685686,0,0.0329420123269195,0,2.35689803543759,0,
0.930480370525349,0,0.0382686105094105,0,2.35819316489079,0,
0.934647768200459,0,0.0427977734478583,0,2.37318642225541,0,
0.940106688118215,0,0.0458266077053003,0,2.39273467691371,0,
0.939466594502667,0,0.0520280029011521,0,2.39076721921566,0,
0.942773479351009,0,0.0476246296798909,0,2.40231198733661,0,
0.936578603463083,0,0.0480766291406966,0,2.38029515271087,0,
0.934816441650508,0,0.0398016066911948,0,2.37365406444351,0,
0.929216176961369,0,0.035691303070737,0,2.35361383956163,0,
0.925558519508844,0,0.0323225778160009,0,2.34052678142581,0,
0.926594082876986,0,0.0286407496010776,0,2.34406261403228,0,
0.924636684174332,0,0.0343187323677419,0,2.33732842558595,0,
0.932561738864548,0,0.0339501652844238,0,2.36540362786134,0,
0.933139048900736,0,0.0456219777934522,0,2.36795767158379,0,
0.943159193372494,0,0.0472456326822456,0,2.40368234891001,0,
0.943354617268432,0,0.0575158886752258,0,2.40494093890532,0,
0.949154410390419,0,0.0558685546723581,0,2.42553659146216,0,
0.944983330940461,0,0.0583776397403804,0,2.41080306226942,0,
0.943954376957805,0,0.0504504293617405,0,2.40669314141579,0,
0.935690270354119,0,0.0458439848247562,0,2.37705318713794,0,
0.93087226874507,0,0.0350718580718707,0,2.35948597512152,0,
0.922394474163207,0,0.028762678392812,0,2.32924850795586,0,
0.917836186962941,0,0.0198220271531383,0,2.31290952905271,0,
0.911770479201779,0,0.0152918314837826,0,2.29144619568312,0,
0.90895891645178,0,0.00967444484917925,0,2.28147766340652,0,
0.905460809396324,0,0.00725400268820585,0,2.26916895946442,0,
0.904079966236895,0,0.00426263782864876,0,2.26430472898275,0,
0.902316518332392,0,0.00317067906898827,0,2.25811839692512,0,
0.901725913220086,0,0.00174010043470116,0,2.25604505373718,0,
0.900916390934756,0,0.00129788792734654,0,2.25320910630169,0,
0.90068620362617,0,0.000666951828616798,0,2.25240238581713,0,
0.900341444122325,0,0.000501202605917925,0,2.25119530780247,0,
0.900257796590864,0,0.000241585111766482,0,2.25090238087547,0,
0.900120424640157,0,0.000183204416581284,0,2.25042151934154,0,
0.900091756031182,0,8.29779165918476e-05,0,2.25032115761854,0,
0.900040314068642,0,6.35072606313657e-05,0,2.25014110314835,0,
0.900030992603133,0,2.70809547177846e-05,0,2.25010847541447,0,
0.900012833281379,0,2.09077553070887e-05,0,2.25004491691753,0,
0.900009948756933,0,8.41114342250952e-06,0,2.25003482079961,0,
0.900003890521436,0,6.54615443112203e-06,0,2.25001361688471,0,
0.900003039281377,0,2.48968586316509e-06,0,2.25001063751756,0,
0.900001124771377,0,1.95191526279268e-06,0,2.25000393672327,0,
0.900000884846594,0,7.03259970532081e-07,0,2.25000309698507,0,
0.900000310511415,0,5.55051827136617e-07,0,2.25000108681022,0,
0.900000245841372,0,1.89817998040085e-07,0,2.25000086046599,0,
0.900000081955961,0,1.50728149290898e-07,0,2.25000028686587,0,
0.900000065267235,0,4.90186457602279e-08,0,2.25000022845652,0,
0.900000020701323,0,3.91381746354428e-08,0,2.25000007247459,0,
0.900000016575005,0,1.21260805485673e-08,0,2.25000005803383,0,
0.900000005004287,0,9.72774346926272e-09,0,2.25000001753498,0,
0.900000004027468,0,2.87690047673335e-09,0,2.25000001411757,0,
0.900000001152963,0,2.31482920924128e-09,0,2.25000000405535,0,
0.900000000933208,0,6.55322204464282e-10,0,2.25000000328777,0,
0.900000000247087,0,5.25469480335407e-10,0,2.25000000088477,0,
0.90000000020206,0,1.43455323546112e-10,0,2.25000000072886,0,
0.900000000042573,0,1.11222144087251e-10,0,2.25000000016898,0,
0.900000000036361,0,3.01946060747071e-11,0,2.250000000149,0,
0.899999999998204,0,1.9057328308036e-11,0,2.25000000001369,0,
0.900000000000344,0,6.09641596464339e-12,0,2.25000000002306,0,
0.899999999988943,0,-7.47522599354947e-13,0,2.24999999998128,0,
0.899999999992875,0,1.15939554253437e-12,0,2.24999999999702,0,
0.89999999998708,0,-4.94194389112602e-12,0,2.24999999997476,0,
0.899999999991445,0,1.84542936487716e-13,0,2.24999999999212,0,
0.899999999986721,0,-5.89542636928149e-12,0,2.24999999997351,0,
0.89999999999125,0,9.28442508059825e-15,0,2.24999999999155,0,
0.899999999986677,0,-6.18896619135905e-12,0,2.24999999997335,0,
0.899999999991317,0,2.09092002969391e-17,0,2.24999999999189,0,
0.899999999986677,0,-6.34626184933777e-12,0,2.24999999997335,0,
0.89999999999143,0,1.77635683938746e-17,0,2.24999999999234,0,
0.899999999986677,0,-6.49873821420377e-12,0,2.24999999997335,0,
0.899999999991543,0,3.88578058615948e-17,0,2.24999999999279,0,
0.899999999986677,0,-6.65128674356646e-12,0,2.24999999997335,0,
0.899999999991655,0,1.1842378929184e-17,0,2.24999999999324,0,
0.899999999986677,0,-6.80373627804254e-12,0,2.24999999997335,0,
0.899999999991768,0,4.16333634232151e-17,0,2.24999999999369,0,
0.899999999986677,0,-6.95625668175509e-12,0,2.24999999997335,0,
0.899999999991881,0,4.71844785461223e-17,0,2.24999999999414,0,
0.899999999986677,0,-7.10878245154567e-12,0,2.24999999997335,0,
0.899999999991993,0,3.33066907384482e-17,0,2.24999999999459,0,
0.899999999986677,0,-7.26129027273066e-12,0,2.24999999997335,0,
0.899999999992106,0,4.181840059395e-17,0,2.24999999999504,0,
0.899999999986677,0,-7.41375738573798e-12,0,2.24999999997335,0,
0.899999999992219,0,2.79406127861568e-17,0,2.24999999999549,0,
0.899999999986677,0,-7.5663007340596e-12,0,2.24999999997335,0,
0.899999999992331,0,3.92278802029849e-17,0,2.24999999999594,0,
0.899999999986677,0,-7.71879782308849e-12,0,2.24999999997335,0,
0.899999999992444,0,2.6645352590729e-17,0,2.24999999999639,0,
0.899999999986677,0,-7.87128251462694e-12,0,2.24999999997335,0,
0.899999999992557,0,2.77555756152629e-17,0,2.24999999999684,0,
0.899999999986677,0,-8.02378293432501e-12,0,2.24999999997335,0,
0.899999999992669,0,5.27355936692184e-17,0,2.2499999999973,0,
0.899999999986677,0,-8.17630685374367e-12,0,2.24999999997335,0,
0.899999999992782,0,-1.48029736617073e-17,0,2.24999999999775,0,
0.899999999986677,0,-8.32880283254957e-12,0,2.24999999997335,0,
0.899999999992895,0,5.79166344507209e-17,0,2.2499999999982,0,
0.899999999986677,0,-8.48130713802817e-12,0,2.24999999997335,0,
0.899999999993008,0,4.88498130830535e-17,0,2.24999999999865,0,
0.899999999986677,0,-8.63382273077418e-12,0,2.24999999997335,0,
0.89999999999312,0,2.57201667367905e-17,0,2.2499999999991,0,
0.899999999986677,0,-8.78632629610411e-12,0,2.24999999997335,0,
0.899999999993233,0,-1.66533453712412e-18,0,2.24999999999955,0,
0.899999999986677,0,-8.93523773483833e-12,0,2.24999999997335,0,
0.9,0,0,0,2.25,0,
