1,0,0,0,2.5,0,
0.999999999999946,0,3.6137759451548e-14,0,2.49999999999989,0,
0.999999999999971,0,-1.29526019539596e-16,0,2.49999999999999,0,
0.999999999999946,0,3.26405569239789e-14,0,2.49999999999989,0,
0.999999999999968,0,3.70074341541721e-17,0,2.49999999999998,0,
0.999999999999946,0,2.89953246597931e-14,0,2.49999999999989,0,
0.999999999999966,0,-1.48029736616685e-16,0,2.49999999999997,0,
0.999999999999946,0,2.5923707624997e-14,0,2.49999999999989,0,
0.999999999999964,0,-3.70074341541718e-17,0,2.49999999999996,0,
0.999999999999946,0,2.23524902291195e-14,0,2.49999999999989,0,
0.999999999999961,0,2.03540887847945e-16,0,2.49999999999995,0,
0.999999999999946,0,2.43323879563678e-14,0,2.49999999999989,0,
0.999999999999937,0,4.49640324973188e-15,0,2.49999999999987,0,
0.999999999999928,0,1.4229358432279e-13,0,2.49999999999983,0,
0.999999999999467,0,1.06470388061553e-13,0,2.49999999999822,0,
0.999999999999534,0,2.59403609703667e-12,0,2.49999999999845,0,
0.999999999990542,0,2.16835808567831e-12,0,2.49999999996698,0,
0.999999999992052,0,4.65948390981908e-11,0,2.49999999997226,0,
0.999999999840473,0,3.89995443346909e-11,0,2.49999999944174,0,
0.999999999866691,0,7.39652746458336e-10,0,2.4999999995335,0,
0.999999997631046,0,6.16683759613324e-10,0,2.49999999170874,0,
0.99999999802965,0,1.0258962864403e-08,0,2.49999999310385,0,
0.999999969382495,0,8.50943539706012e-09,0,2.49999989283881,0,
0.999999974682079,0,1.23280168444021e-07,0,2.49999991138736,0,
0.99999965875695,0,1.01585882668805e-07,0,2.49999880564948,0,
0.999999719922712,0,1.27093887632619e-06,0,2.49999901973025,0,
0.999996755538237,0,1.03839715579849e-06,0,2.49998864439017,0,
0.999997362920885,0,1.1107549259981e-05,0,2.49999077027591,0,
0.999974031297781,0,8.97386069799909e-06,0,2.49990910994866,0,
0.999979161975259,0,8.10832103721735e-05,0,2.49992706976452,0,
0.999827921716325,0,6.45413292372034e-05,0,2.49939774413621,0,
0.999864151303975,0,0.000485062092299675,0,2.4995246334789,0,
0.999076318009985,0,0.000379054932954628,0,2.49676764719223,0,
0.999282790710004,0,0.00231873808574545,0,2.49749221457353,0,
0.996098815316729,0,0.00178346550973275,0,2.48635579710278,0,
0.996974580585509,0,0.0085573594253738,0,2.48944666041101,0,
0.987537691832386,0,0.00665837613705114,0,2.45649387166726,0,
0.989807576863274,0,0.023255446876633,0,2.46463384292548,0,
0.971419626885011,0,0.0198018193093835,0,2.4006940308717,0,
0.972873827759759,0,0.0437872609686039,0,2.4065260431645,0,
0.955540471008562,0,0.0453642450448857,0,2.3468592448928,0,
0.948281746935537,0,0.0543914075295055,0,2.32239387940978,0,
0.953717179658433,0,0.0679854078895538,0,2.34179114581728,0,
0.944321677916195,0,0.0473263032941265,0,2.30836446989411,0,
0.964129973733627,0,0.0477483238600629,0,2.37654441509647,0,
0.97715977698925,0,0.0368087918421315,0,2.4210380282814,0,
0.968785343411812,0,0.0165684300192307,0,2.39132386375667,0,
0.974621980417879,0,0.0411971398751089,0,2.41243232049786,0,
0.960004453541847,0,0.0558452895014808,0,2.36269688605351,0,
0.939323277778405,0,0.0469162718899629,0,2.29107822890851,0,
0.960670966515668,0,0.0543711554293655,0,2.36491098065151,0,
0.979475969306541,0,0.0415941954196043,0,2.42913896274623,0,
0.966281613736391,0,0.0168893056561947,0,2.38258793784599,0,
0.95987036376452,0,0.0410296651263276,0,2.36150586426647,0,
0.961037298558343,0,0.0716989250326604,0,2.36690271604981,0,
0.955081836438829,0,0.0459800637891723,0,2.34518900834987,0,
0.962458784504936,0,0.0165061130105868,0,2.36942693820412,0,
0.977190553443365,0,0.0401531841921437,0,2.41990003661767,0,
0.962546074917054,0,0.0672461710186743,0,2.37973913953258,0,
0.956506082908888,0,0.045267557314802,0,2.31755682693149,0,
0.94604197795209,0,0.0166200210772765,0,2.36027020291569,0,
0.951371667312542,0,0.0400070381093546,0,2.42068781154007,0,
0.938239929287553,0,0.0708502878605583,0,2.3853141614647,0,
0.926970279218597,0,0.0437377770416592,0,2.34557500525745,0,
0.930577662239205,0,0.00945148482817416,0,2.35707500678053,0,
0.930853579344357,0,0.0378051003363701,0,2.35934556033335,0,
0.937745454037404,0,0.0708360076929869,0,2.38534792606117,0,
0.951280016064337,0,0.0478517771689995,0,2.43241380601358,0,
0.932506664939108,0,0.0261489256231948,0,2.36478380734908,0,
0.909176936583513,0,0.0331186997970261,0,2.2823210645899,0,
0.931933662684688,0,0.0327418785279021,0,2.36306963890855,0,
0.951994259144201,0,0.0488739044931694,0,2.43511185195813,0,
0.941696074914562,0,0.0695568939839789,0,2.39951629118206,0,
0.940837046161,0,0.042988745447215,0,2.39517890504207,0,
0.927132695358442,0,0.0235910353875155,0,2.34574520122357,0,
0.911128407384246,0,0.0294105756019859,0,2.28926757413875,0,
0.930087256837471,0,0.0240301602655381,0,2.35622340223719,0,
0.937287789927699,0,0.0477964552521856,0,2.38283923955199,0,
0.946785065921097,0,0.0633419437623009,0,2.41750027067985,0,
0.956744429811729,0,0.0584282117557263,0,2.45273698626933,0,
0.940817635002831,0,0.0618029522129073,0,2.39610917103025,0,
0.939320083797257,0,0.0369181501115119,0,2.38954678389275,0,
0.919640858435205,0,0.0319594042136836,0,2.31962570332513,0,
0.916344036744736,0,0.0137158469626357,0,2.30753261925891,0,
0.906050107487721,0,0.0108950178015817,0,2.27127685559792,0,
0.904781914808242,0,0.00352743191774097,0,2.2667636576093,0,
0.901360157352032,0,0.00276403553781499,0,2.254766798365,0,
0.901073246203404,0,0.000696787828168693,0,2.25375764757451,0,
0.900241055613663,0,0.000552452341056052,0,2.25084393160366,0,
0.900192722071401,0,0.000111277435397794,0,2.25067456666681,0,
0.900034994357753,0,8.95823487626529e-05,0,2.25012248620171,0,
0.900028367034544,0,1.47393572854e-05,0,2.25009928543965,0,
0.900004248267663,0,1.20191296400137e-05,0,2.25001486903999,0,
0.900003482762642,0,1.64517172474012e-06,0,2.25001218968124,0,
0.900000437338346,0,1.35502570826802e-06,0,2.25000153068556,0,
0.900000361683874,0,1.56622596420019e-07,0,2.25000126589377,0,
0.90000003861384,0,1.3005452227192e-07,0,2.25000013514853,0,
0.900000031979842,0,1.27901493285343e-08,0,2.25000011192954,0,
0.900000003145302,0,1.14974357812158e-08,0,2.25000001100864,0,
0.9,0,0,0,2.25,0,
