1,0,0,0,2.5,0,
0.999999999999946,0,3.59712259978542e-14,0,2.49999999999989,0,
0.999999999999971,0,-1.29526019539596e-16,0,2.49999999999999,0,
0.999999999999946,0,3.24925271873622e-14,0,2.49999999999989,0,
0.999999999999968,0,3.70074341541721e-17,0,2.49999999999998,0,
0.999999999999946,0,2.88287912060994e-14,0,2.49999999999989,0,
0.999999999999966,0,-1.48029736616685e-16,0,2.49999999999997,0,
0.999999999999946,0,2.57756778883803e-14,0,2.49999999999989,0,
0.999999999999964,0,-3.70074341541718e-17,0,2.49999999999996,0,
0.999999999999946,0,2.21859567754257e-14,0,2.49999999999989,0,
0.999999999999961,0,1.66533453693773e-16,0,2.49999999999995,0,
0.999999999999946,0,2.31666537805113e-14,0,2.49999999999989,0,
0.999999999999941,0,3.60822483003175e-15,0,2.49999999999988,0,
0.999999999999931,0,1.19571019752129e-13,0,2.49999999999984,0,
0.999999999999553,0,8.74855743404624e-14,0,2.49999999999852,0,
0.999999999999606,0,2.15836607845669e-12,0,2.4999999999987,0,
0.999999999992085,0,1.80307620685956e-12,0,2.49999999997238,0,
0.999999999993344,0,3.91850811058229e-11,0,2.49999999997678,0,
0.999999999865061,0,3.28074604520149e-11,0,2.49999999952779,0,
0.999999999887194,0,6.29269303331624e-10,0,2.49999999960526,0,
0.999999997972773,0,5.24863263962061e-10,0,2.49999999290479,0,
0.999999998313128,0,8.83073395889035e-09,0,2.49999999409603,0,
0.99999997348885,0,7.32834533797206e-09,0,2.49999990721105,0,
0.999999978065863,0,1.07383237857306e-07,0,2.4999999232306,0,
0.999999700970019,0,8.85391564694099e-08,0,2.4999989533952,0,
0.999999754406839,0,1.12049689084588e-06,0,2.49999914042454,0,
0.999997121962689,0,9.16158184964079e-07,0,2.49998992687441,0,
0.999997658814328,0,9.91468371941415e-06,0,2.4999918058922,0,
0.999976672710697,0,8.01760079294225e-06,0,2.49991835481509,0,
0.999981262119349,0,7.33085934639293e-05,0,2.49993441974599,0,
0.99984338745766,0,5.8421058974615e-05,0,2.49945187110244,0,
0.999876209126986,0,0.000444486377310731,0,2.49956681909332,0,
0.999147611060248,0,0.000347808811765945,0,2.49701709289396,0,
0.999337439468831,0,0.00215551939879443,0,2.49768314831397,0,
0.996345711089034,0,0.00165937903262167,0,2.48721868678558,0,
0.997167046451855,0,0.00808101550057078,0,2.49011628166755,0,
0.988132275895832,0,0.00627855984142173,0,2.45856379373976,0,
0.990333843566548,0,0.0223510165244699,0,2.46644939315927,0,
0.972276766413452,0,0.0189089586634374,0,2.40364228847842,0,
0.973919265245818,0,0.0429223186803397,0,2.41010333034082,0,
0.956016929388287,0,0.0439994316749265,0,2.3484312372478,0,
0.949266342196883,0,0.054357286701456,0,2.32577263865793,0,
0.953444872399323,0,0.0676296509624004,0,2.34083980394546,0,
0.943568606693756,0,0.0478219238158312,0,2.30580507946671,0,
0.963679614407998,0,0.0495560040125429,0,2.37507452439048,0,
0.975786722486529,0,0.0370133219212574,0,2.41630528185184,0,
0.968943735921596,0,0.0166027443925042,0,2.39187405251297,0,
0.976170281861931,0,0.0408147311201774,0,2.41775908733672,0,
0.960259681681743,0,0.0537619230751629,0,2.36347860054454,0,
0.939439442629707,0,0.0469401929405754,0,2.29147935113513,0,
0.960456565769139,0,0.0565498710751608,0,2.36427468117282,0,
0.977785958860733,0,0.041794586398653,0,2.42332010759605,0,
0.966246384031148,0,0.0159896838446498,0,2.38242801311539,0,
0.962170087071814,0,0.0409490740482332,0,2.3694302645071,0,
0.961240861146425,0,0.0711829189611648,0,2.36757909066003,0,
0.952864832985506,0,0.0458345716158896,0,2.33754597319465,0,
0.962235730040492,0,0.0179749475484105,0,2.36872068820757,0,
0.979163635017686,0,0.0404812860463678,0,2.42673824029097,0,
0.962725798580667,0,0.0653288046236772,0,2.38021215915047,0,
0.954557573355771,0,0.0447946484769287,0,2.31083942130787,0,
0.945866923056466,0,0.0185646642015691,0,2.35997517670365,0,
0.953487088429278,0,0.0405933446965449,0,2.42826551150512,0,
0.938343691272084,0,0.069334646736933,0,2.38563592162281,0,
0.924496613195228,0,0.0430836292589014,0,2.33676790119782,0,
0.930386234762608,0,0.00996677004042917,0,2.35641992068337,0,
0.933430278360589,0,0.0384893884266356,0,2.36852641414521,0,
0.938112025588012,0,0.0718074110113044,0,2.38669775687469,0,
0.949277908333801,0,0.0472870993882872,0,2.42527364777114,0,
0.93191942397588,0,0.0237569453450561,0,2.36259879323523,0,
0.909661560327958,0,0.0331933529376045,0,2.28404358027533,0,
0.932614847521926,0,0.0353878995778273,0,2.36560363607438,0,
0.95338097752283,0,0.0495417534558064,0,2.44007837421693,0,
0.941378970085236,0,0.0686690478673347,0,2.39834197654347,0,
0.938889216059408,0,0.0419312458449705,0,2.38821110896631,0,
0.926621863957151,0,0.0219212405885986,0,2.34387301217382,0,
0.91128708481782,0,0.0296713217272138,0,2.28983663315628,0,
0.930889084721567,0,0.0257294954761984,0,2.35913264747189,0,
0.938900421889245,0,0.0489151404526589,0,2.38863207484709,0,
0.94716259393599,0,0.0644325825340672,0,2.41890970732095,0,
0.956585258376288,0,0.057975795341233,0,2.45213965895745,0,
0.939883116730725,0,0.060612479444359,0,2.39271332898693,0,
0.938068673177468,0,0.0355473927003345,0,2.38504475565343,0,
0.918697740354109,0,0.0305787087108454,0,2.31625004705853,0,
0.915496636137675,0,0.0129125795950629,0,2.30453290066846,0,
0.905648161843927,0,0.0102411252096238,0,2.26985801918664,0,
0.904461893512065,0,0.00326588733693624,0,2.2656400172226,0,
0.901250590239155,0,0.00256061833235361,0,2.25438240979916,0,
0.900987596325854,0,0.000636276833075838,0,2.25345767218506,0,
0.900218724722818,0,0.000505021565297542,0,2.25076573389802,0,
0.900175048445627,0,0.000100335460116581,0,2.25061270197808,0,
0.900031360758861,0,8.08545589217611e-05,0,2.25010976748888,0,
0.900025444547333,0,1.31290868733609e-05,0,2.25008905657266,0,
0.900003761558414,0,1.07148661731652e-05,0,2.25001316553626,0,
0.900003086038181,0,1.44806489750054e-06,0,2.25001080114305,0,
0.900000382679293,0,1.19347912225231e-06,0,2.25000133937859,0,
0.900000316672093,0,1.36247619048068e-07,0,2.25000110835251,0,
0.900000033395142,0,1.1319636331053e-07,0,2.25000011688308,0,
0.900000027675121,0,1.09988415412469e-08,0,2.25000009686301,0,
0.900000002687018,0,9.88305224695431e-09,0,2.25000000940464,0,
0.9,0,0,0,2.25,0,
