12,0,
12,0,
12,0,
12,0,
12,0,
12,0,
12,0,
12,0,
12,0,
12,0,
12,0,
12,0,
12,0,
12,0,
12,0,
12,0,
12,0,
12,0,
12,0,
12,0,
12,0,
12,0,
12,0,
12,0,
12,0,
12,0,
12,0,
12,0,
12,0,
12,0,
12,0,
12,0,
12,0,
12,0,
12,0,
12,0,
12,0,
12,0,
12,0,
12,0,
12,0,
12,0,
12,0,
12,0,
12,0,
12,0,
12,0,
12,0,
12,0,
12,0,
12,0,
12,0,
12,0,
12,0,
12,0,
12,0,
12,0,
12,0,
12,0,
12,0,
12,0,
12,0,
12,0,
12,0,
12,0,
12,0,
12,0,
12,0,
12,0,
12,0,
12,0,
12,0,
12,0,
12,0,
12,0,
12,0,
12,0,
12,0,
12,0,
12,0,
12,0,
12,0,
12,0,
12,0,
12,0,
12,0,
12,0,
12,0,
12,0,
12,0,
12,0,
12,0,
12,0,
12,0,
12,0,
12,0,
12,0,
12,0,
12,0,
12,0,
12,0,
12,0,
12,0,
12,0,
12,0,
12,0,
12,0,
12,0,
12,0,
12,0,
12,0,
12,0,
12,0,
12,0,
12,0,
12,0,
12,0,
12,0,
12,0,
12,0,
12,0,
12,0,
12,0,
12,0,
12,0,
12,0,
12,0,
12,0,
12,0,
12,0,
12,0,
12,0,
12,0,
12,0,
12,0,
12,0,
12,0,
12,0,
12,0,
12,0,
12,0,
12,0,
12,0,
12,0,
12,0,
12,0,
12,0,
12,0,
12,0,
12,0,
12,0,
12,0,
12,0,
12,0,
12,0,
12,0,
12,0,
12,0,
12,0,
12,0,
12,0,
12,0,
12,0,
12,0,
12,0,
12,0,
12,0,
12,0,
12,0,
12,0,
12,0,
12,0,
12,0,
12,0,
12,0,
12,0,
12,0,
12,0,
12,0,
12,0,
12,0,
12,0,
12,0,
12,0,
12,0,
12,0,
12,0,
12,0,
12,0,
12,0,
12,0,
12,0,
12,0,
12,0,
12,0,
12,0,
12,0,
12,0,
12,0,
12,0,
12,0,
12,0,
12,0,
12,0,
12,0,
12,0,
12,0,
12,0,
12,0,
12,0,
12,0,
12,0,
12,0,
12,0,
12,0,
12,0,
12,0,
12,0,
12,0,
12,0,
12,0,
12,0,
12,0,
12,0,
12,0,
12,0,
12,0,
12,0,
12,0,
12,0,
12,0,
12,0,
12,0,
12,0,
12,0,
12,0,
12,0,
12,0,
12,0,
12,0,
12,0,
12,0,
12,0,
12,0,
12,0,
12,0,
12,0,
12,0,
12,0,
12,0,
12,0,
12,0,
12,0,
12,0,
12,0,
12,0,
12,0,
12,0,
12,0,
12,0,
12,0,
12,0,
12,0,
12,0,
12,0,
12,0,
12,0,
12,0,
12,0,
12,0,
12,0,
12,0,
12,0,
12,0,
12,0,
12,0,
12,0,
12,0,
12,0,
12,0,
12,0,
12,0,
12,0,
12,0,
11.9999999999999,0,
11.9999999999997,0,
11.9999999999992,0,
11.9999999999976,0,
11.9999999999931,0,
11.9999999999805,0,
11.9999999999454,0,
11.9999999998503,0,
11.9999999995977,0,
11.9999999989401,0,
11.9999999972632,0,
11.9999999930737,0,
11.9999999828222,0,
11.9999999582549,0,
11.9999999006015,0,
11.9999997681197,0,
11.9999994700411,0,
11.9999988133776,0,
11.9999973968979,0,
11.9999944047752,0,
11.9999882141384,0,
11.9999756649566,0,
11.9999507289125,0,
11.9999021243596,0,
11.9998090980651,0,
11.9996340106066,0,
11.9993092442913,0,
11.9987135538367,0,
11.9976263441746,0,
11.9956069713576,0,
11.9909003434343,0,
11.9499826821307,0,
11.0719499662484,0,
6.52600038977898,0,
3.4689784735089,0,
3.08078874129775,0,
3.03773276798465,0,
3.02318918615941,0,
3.01486396464957,0,
3.00960615757754,0,
3.00620797761504,0,
3.00399616824149,0,
3.00255599286806,0,
3.00162159030884,0,
3.00101911573433,0,
3.00063382699532,0,
3.00038979702307,0,
3.00023689214112,0,
3.00014219457874,0,
3.00008426599924,0,
3.00004928421644,0,
3.00002843969264,0,
3.00001618826461,0,
3.0000090875833,0,
3.00000503034903,0,
3.00000274530382,0,
3.00000147698595,0,
3.00000078327723,0,
3.00000040942513,0,
3.00000021092401,0,
3.00000010708973,0,
3.00000005358238,0,
3.00000002642009,0,
3.00000001283729,0,
3.00000000614654,0,
3.00000000290002,0,
3.00000000134827,0,
3.00000000061767,0,
3.00000000027883,0,
3.00000000012403,0,
3.00000000005436,0,
3.00000000002348,0,
3.00000000000999,0,
3.00000000000419,0,
3.00000000000173,0,
3.0000000000007,0,
3.00000000000028,0,
3.00000000000011,0,
3.00000000000004,0,
3.00000000000002,0,
3.00000000000001,0,
3,0,
3,0,
3,0,
3,0,
3,0,
3,0,
3,0,
3,0,
3,0,
3,0,
3,0,
3,0,
3,0,
3,0,
3,0,
3,0,
3,0,
3,0,
3,0,
3,0,
3,0,
3,0,
3,0,
3,0,
3,0,
3,0,
3,0,
3,0,
3,0,
3,0,
3,0,
3,0,
3,0,
3,0,
3,0,
3,0,
3,0,
3,0,
3,0,
3,0,
3,0,
3,0,
3,0,
3,0,
3,0,
3,0,
3,0,
3,0,
3,0,
3,0,
3,0,
3,0,
3,0,
3,0,
3,0,
3,0,
3,0,
3,0,
3,0,
3,0,
3,0,
3,0,
3,0,
3,0,
3,0,
3,0,
3,0,
3,0,
3,0,
3,0,
3,0,
3,0,
3,0,
3,0,
3,0,
3,0,
3,0,
3,0,
3,0,
3,0,
3,0,
3,0,
3,0,
3,0,
3,0,
3,0,
3,0,
3,0,
3,0,
3,0,
3,0,
3,0,
3,0,
3,0,
3,0,
3,0,
3,0,
3,0,
3,0,
3,0,
3,0,
3,0,
3,0,
3,0,
3,0,
3,0,
3,0,
3,0,
3,0,
3,0,
3,0,
3,0,
3,0,
3,0,
3,0,
3,0,
3,0,
3,0,
3,0,
3,0,
3,0,
3,0,
3,0,
3,0,
3,0,
3,0,
3,0,
3,0,
3,0,
3,0,
3,0,
3,0,
3,0,
3,0,
3,0,
